Frame	Prediction	Smoothed	Prob0	Prob1	Prob2
0	0	0	0.941	0.013	0.009	0.019	0.017
1	2	0	0.024	0.024	0.902	0.025	0.025
2	0	0	0.911	0.027	0.018	0.025	0.019
3	0	0	0.878	0.028	0.031	0.033	0.030
4	0	0	0.890	0.022	0.027	0.032	0.028
5	0	0	0.867	0.034	0.033	0.035	0.031
6	0	0	0.856	0.031	0.039	0.038	0.036
7	0	0	0.845	0.028	0.050	0.042	0.037
8	0	0	0.876	0.024	0.033	0.035	0.031
9	0	0	0.875	0.027	0.033	0.034	0.032
10	0	0	0.858	0.030	0.041	0.037	0.034
11	0	0	0.955	0.010	0.006	0.016	0.014
12	0	0	0.804	0.069	0.051	0.040	0.035
13	0	0	0.889	0.057	0.013	0.022	0.018
14	0	0	0.774	0.123	0.039	0.035	0.029
15	0	0	0.974	0.006	0.002	0.010	0.008
16	0	0	0.676	0.170	0.069	0.043	0.043
17	4	0	0.320	0.079	0.041	0.157	0.403
18	1	0	0.051	0.877	0.020	0.029	0.023
19	2	2	0.156	0.140	0.594	0.051	0.058
20	2	2	0.024	0.031	0.890	0.027	0.028
21	2	2	0.036	0.066	0.821	0.038	0.038
22	2	2	0.060	0.042	0.821	0.042	0.036
23	2	2	0.030	0.044	0.859	0.032	0.034
24	2	2	0.024	0.024	0.902	0.025	0.025
25	2	2	0.024	0.024	0.902	0.025	0.025
26	2	2	0.024	0.024	0.902	0.025	0.025
27	2	2	0.024	0.024	0.902	0.025	0.025
28	2	2	0.024	0.024	0.902	0.025	0.025
29	2	2	0.061	0.061	0.630	0.201	0.047
30	2	2	0.024	0.024	0.902	0.025	0.025
31	2	2	0.024	0.024	0.902	0.025	0.025
32	2	2	0.024	0.024	0.902	0.025	0.025
33	2	2	0.033	0.033	0.846	0.043	0.046
34	2	2	0.025	0.025	0.897	0.026	0.027
35	2	2	0.033	0.033	0.858	0.028	0.047
36	2	2	0.024	0.024	0.902	0.025	0.025
37	2	2	0.025	0.025	0.900	0.025	0.025
38	2	2	0.024	0.024	0.902	0.025	0.025
39	2	2	0.030	0.030	0.870	0.029	0.040
40	2	2	0.027	0.027	0.886	0.029	0.031
41	2	2	0.024	0.024	0.902	0.025	0.025
42	2	2	0.024	0.024	0.902	0.025	0.025
43	2	2	0.024	0.024	0.902	0.025	0.025
44	4	2	0.065	0.076	0.292	0.086	0.480
45	2	2	0.024	0.024	0.901	0.025	0.025
46	2	2	0.024	0.024	0.902	0.025	0.025
47	2	2	0.025	0.025	0.900	0.025	0.026
48	4	2	0.071	0.078	0.382	0.071	0.398
49	2	4	0.044	0.048	0.750	0.060	0.099
50	4	2	0.049	0.061	0.102	0.046	0.742
51	2	2	0.044	0.049	0.731	0.074	0.103
52	3	3	0.066	0.068	0.201	0.615	0.050
53	3	3	0.071	0.074	0.265	0.518	0.072
54	2	2	0.029	0.028	0.881	0.035	0.027
55	2	2	0.031	0.030	0.872	0.039	0.028
56	2	2	0.024	0.024	0.902	0.025	0.025
57	2	2	0.068	0.033	0.802	0.043	0.055
58	4	2	0.062	0.071	0.415	0.099	0.352
59	4	4	0.060	0.072	0.128	0.122	0.619
60	4	4	0.065	0.053	0.142	0.128	0.612
61	4	4	0.027	0.030	0.026	0.014	0.903
62	2	4	0.064	0.071	0.449	0.124	0.292
63	3	4	0.057	0.058	0.114	0.704	0.068
64	4	3	0.040	0.047	0.066	0.052	0.795
65	3	2	0.065	0.069	0.202	0.605	0.059
66	2	2	0.085	0.062	0.492	0.177	0.183
67	4	2	0.076	0.086	0.258	0.153	0.426
68	3	2	0.013	0.015	0.004	0.956	0.012
69	2	2	0.026	0.026	0.892	0.026	0.030
70	2	2	0.041	0.052	0.747	0.082	0.078
71	2	2	0.043	0.048	0.729	0.087	0.093
72	4	2	0.069	0.081	0.372	0.142	0.336
73	2	2	0.026	0.026	0.896	0.028	0.025
74	2	2	0.061	0.073	0.408	0.144	0.314
75	2	2	0.067	0.074	0.517	0.056	0.287
76	2	2	0.167	0.139	0.429	0.040	0.225
77	2	2	0.036	0.036	0.838	0.055	0.034
78	4	4	0.016	0.021	0.008	0.024	0.930
79	4	4	0.064	0.077	0.115	0.213	0.532
80	4	4	0.051	0.064	0.107	0.199	0.580
81	4	4	0.052	0.061	0.046	0.207	0.634
82	2	4	0.064	0.073	0.438	0.202	0.223
83	4	4	0.013	0.019	0.007	0.017	0.944
84	3	4	0.050	0.060	0.090	0.699	0.101
85	0	3	0.639	0.062	0.154	0.080	0.065
86	3	2	0.064	0.073	0.198	0.557	0.107
87	2	2	0.024	0.024	0.902	0.025	0.025
88	2	2	0.054	0.050	0.729	0.120	0.047
89	2	2	0.024	0.024	0.902	0.025	0.025
90	2	2	0.026	0.024	0.898	0.026	0.026
91	2	2	0.024	0.024	0.902	0.025	0.025
92	2	2	0.075	0.073	0.448	0.350	0.054
93	3	3	0.010	0.013	0.000	0.921	0.055
94	3	3	0.008	0.010	0.001	0.969	0.011
95	3	3	0.015	0.012	0.004	0.966	0.003
96	3	3	0.048	0.039	0.032	0.841	0.040
97	4	4	0.028	0.035	0.034	0.024	0.879
98	4	4	0.022	0.030	0.010	0.055	0.883
99	3	3	0.019	0.023	0.002	0.888	0.068
100	3	3	0.046	0.058	0.031	0.709	0.155
101	3	3	0.055	0.005	0.002	0.906	0.032
102	4	4	0.039	0.043	0.055	0.048	0.814
103	2	4	0.069	0.071	0.517	0.054	0.289
104	0	0	0.677	0.053	0.071	0.091	0.107
105	0	0	0.875	0.029	0.027	0.034	0.035
106	0	0	0.692	0.056	0.139	0.060	0.053
107	0	0	0.743	0.052	0.104	0.053	0.048
108	2	0	0.289	0.058	0.500	0.070	0.083
109	0	0	0.827	0.040	0.054	0.041	0.039
110	0	0	0.841	0.037	0.045	0.039	0.037
111	0	0	0.820	0.041	0.056	0.043	0.041
112	0	0	0.884	0.027	0.018	0.035	0.036
113	0	0	0.908	0.023	0.018	0.026	0.026
114	0	0	0.849	0.035	0.040	0.039	0.037
115	0	0	0.925	0.018	0.012	0.023	0.022
116	0	0	0.880	0.026	0.029	0.033	0.032
117	0	0	0.880	0.043	0.021	0.029	0.027
118	0	0	0.911	0.035	0.011	0.022	0.020
119	0	0	0.905	0.035	0.014	0.024	0.022
120	0	0	0.867	0.070	0.013	0.028	0.023
121	1	1	0.376	0.507	0.048	0.037	0.032
122	1	1	0.004	0.990	0.000	0.003	0.003
123	1	1	0.037	0.861	0.039	0.034	0.029
124	1	1	0.007	0.971	0.003	0.010	0.008
125	2	2	0.028	0.028	0.892	0.026	0.026
126	2	2	0.025	0.025	0.900	0.025	0.025
127	0	2	0.629	0.085	0.139	0.066	0.081
128	2	2	0.024	0.024	0.902	0.025	0.025
129	2	2	0.024	0.024	0.902	0.025	0.025
130	2	2	0.024	0.024	0.902	0.025	0.025
131	2	2	0.031	0.032	0.880	0.028	0.029
132	2	2	0.083	0.042	0.785	0.043	0.047
133	2	2	0.026	0.026	0.894	0.027	0.028
134	2	2	0.024	0.024	0.902	0.025	0.025
135	2	2	0.047	0.053	0.828	0.036	0.036
136	2	2	0.223	0.052	0.465	0.213	0.048
137	2	2	0.291	0.084	0.483	0.070	0.072
138	2	2	0.048	0.056	0.676	0.102	0.117
139	2	2	0.067	0.068	0.541	0.167	0.156
140	2	2	0.027	0.028	0.884	0.028	0.033
141	2	2	0.063	0.069	0.525	0.219	0.125
142	3	2	0.058	0.071	0.165	0.671	0.035
143	2	2	0.026	0.026	0.892	0.028	0.027
144	2	2	0.036	0.024	0.874	0.031	0.034
145	2	2	0.068	0.070	0.550	0.235	0.077
146	4	2	0.040	0.049	0.025	0.166	0.719
147	3	2	0.073	0.080	0.289	0.343	0.216
148	2	2	0.044	0.047	0.736	0.084	0.089
149	4	4	0.064	0.071	0.282	0.090	0.493
150	4	4	0.066	0.067	0.060	0.245	0.561
151	4	4	0.049	0.062	0.075	0.095	0.718
152	4	4	0.037	0.047	0.010	0.453	0.453
153	4	4	0.004	0.005	0.000	0.002	0.989
154	4	4	0.062	0.073	0.108	0.163	0.594
155	4	4	0.073	0.088	0.197	0.190	0.452
156	3	2	0.052	0.058	0.033	0.666	0.192
157	2	2	0.070	0.051	0.671	0.132	0.076
158	2	2	0.160	0.063	0.649	0.061	0.067
159	2	2	0.029	0.030	0.868	0.033	0.039
160	2	2	0.050	0.057	0.677	0.080	0.136
161	2	2	0.056	0.064	0.581	0.096	0.204
162	3	2	0.052	0.057	0.103	0.734	0.054
163	2	2	0.025	0.025	0.900	0.025	0.026
164	2	2	0.024	0.024	0.902	0.025	0.025
165	2	2	0.026	0.027	0.890	0.027	0.031
166	2	2	0.040	0.044	0.763	0.072	0.081
167	3	2	0.065	0.070	0.198	0.608	0.061
168	2	2	0.056	0.053	0.747	0.024	0.119
169	2	2	0.027	0.027	0.885	0.030	0.031
170	2	2	0.027	0.027	0.891	0.030	0.026
171	2	2	0.030	0.033	0.850	0.033	0.053
172	2	2	0.035	0.038	0.819	0.051	0.058
173	2	2	0.039	0.038	0.828	0.064	0.031
174	2	2	0.039	0.043	0.783	0.061	0.075
175	2	2	0.042	0.043	0.792	0.041	0.082
176	2	2	0.063	0.059	0.569	0.054	0.255
177	4	4	0.047	0.060	0.068	0.092	0.732
178	4	4	0.065	0.077	0.289	0.083	0.486
179	2	2	0.065	0.075	0.415	0.335	0.109
180	2	2	0.066	0.075	0.440	0.307	0.112
181	2	2	0.043	0.042	0.805	0.084	0.026
182	2	2	0.042	0.043	0.795	0.081	0.039
183	3	2	0.068	0.076	0.307	0.466	0.083
184	2	2	0.055	0.059	0.670	0.152	0.065
185	4	2	0.067	0.078	0.431	0.064	0.359
186	2	2	0.040	0.043	0.770	0.070	0.077
187	2	2	0.058	0.072	0.597	0.090	0.183
188	4	2	0.059	0.083	0.317	0.053	0.488
189	4	2	0.069	0.082	0.369	0.177	0.303
190	2	2	0.061	0.061	0.576	0.080	0.223
191	2	2	0.069	0.080	0.393	0.268	0.191
192	2	2	0.027	0.027	0.885	0.030	0.031
193	2	2	0.024	0.024	0.902	0.025	0.025
194	4	2	0.024	0.034	0.020	0.070	0.852
195	2	2	0.024	0.024	0.902	0.025	0.025
196	2	2	0.026	0.026	0.893	0.028	0.026
197	3	2	0.064	0.074	0.213	0.402	0.246
198	2	2	0.024	0.024	0.901	0.025	0.025
199	2	2	0.024	0.024	0.902	0.025	0.025
200	2	2	0.056	0.055	0.700	0.149	0.040
201	2	2	0.024	0.024	0.902	0.025	0.025
202	2	2	0.025	0.025	0.899	0.025	0.026
203	2	2	0.025	0.025	0.898	0.025	0.027
204	2	2	0.025	0.026	0.897	0.025	0.027
205	2	2	0.061	0.060	0.663	0.031	0.184
206	2	2	0.024	0.024	0.902	0.025	0.025
207	2	2	0.024	0.024	0.902	0.025	0.025
208	2	2	0.026	0.026	0.896	0.025	0.028
209	4	2	0.088	0.066	0.341	0.033	0.472
210	2	2	0.077	0.075	0.506	0.027	0.315
211	2	2	0.051	0.050	0.792	0.026	0.081
212	2	2	0.228	0.076	0.545	0.069	0.082
213	2	2	0.072	0.037	0.780	0.040	0.071
214	0	0	0.517	0.079	0.139	0.138	0.126
215	0	0	0.796	0.042	0.063	0.047	0.052
216	0	0	0.814	0.033	0.060	0.046	0.048
217	2	0	0.355	0.060	0.431	0.076	0.078
218	0	0	0.773	0.025	0.097	0.056	0.049
219	0	0	0.930	0.016	0.012	0.023	0.019
220	0	0	0.882	0.029	0.026	0.033	0.030
221	2	2	0.024	0.024	0.902	0.025	0.025
222	3	3	0.028	0.077	0.050	0.796	0.049
223	0	0	0.777	0.019	0.017	0.088	0.099
224	0	0	0.783	0.039	0.082	0.050	0.045
225	0	0	0.710	0.048	0.125	0.059	0.057
226	0	0	0.450	0.066	0.337	0.075	0.073
227	0	0	0.848	0.031	0.043	0.039	0.039
228	0	0	0.722	0.048	0.120	0.057	0.052
229	0	0	0.831	0.036	0.053	0.042	0.038
230	0	0	0.763	0.045	0.090	0.052	0.050
231	0	0	0.924	0.018	0.014	0.023	0.020
232	0	0	0.923	0.017	0.015	0.025	0.021
233	0	0	0.960	0.010	0.004	0.014	0.012
234	0	0	0.751	0.037	0.097	0.055	0.059
235	0	0	0.956	0.015	0.004	0.013	0.011
236	0	0	0.907	0.033	0.014	0.024	0.022
237	0	0	0.936	0.019	0.007	0.016	0.022
238	0	0	0.399	0.258	0.235	0.050	0.058
239	0	0	0.741	0.087	0.084	0.042	0.047
240	2	2	0.045	0.122	0.733	0.051	0.049
241	2	2	0.040	0.087	0.785	0.044	0.045
242	2	2	0.026	0.024	0.898	0.025	0.026
243	2	2	0.024	0.024	0.902	0.025	0.025
244	2	2	0.024	0.024	0.902	0.025	0.025
245	2	2	0.024	0.024	0.902	0.025	0.025
246	2	2	0.024	0.024	0.902	0.025	0.025
247	2	2	0.024	0.024	0.902	0.025	0.025
248	2	2	0.034	0.037	0.824	0.050	0.055
249	2	2	0.025	0.025	0.900	0.025	0.026
250	2	2	0.024	0.024	0.902	0.025	0.025
251	2	2	0.024	0.024	0.902	0.025	0.025
252	2	2	0.024	0.024	0.902	0.025	0.025
253	2	2	0.024	0.024	0.902	0.025	0.025
254	2	2	0.024	0.024	0.902	0.025	0.025
255	2	2	0.024	0.024	0.902	0.025	0.025
256	2	2	0.024	0.024	0.902	0.025	0.025
257	2	2	0.024	0.024	0.902	0.025	0.025
258	2	2	0.066	0.062	0.614	0.237	0.022
259	3	2	0.062	0.074	0.207	0.512	0.145
260	2	3	0.046	0.045	0.739	0.080	0.090
261	3	2	0.064	0.072	0.222	0.578	0.063
262	2	2	0.032	0.025	0.883	0.029	0.032
263	2	2	0.024	0.024	0.902	0.025	0.025
264	2	2	0.062	0.064	0.642	0.040	0.191
265	2	2	0.042	0.042	0.797	0.080	0.039
266	2	2	0.024	0.024	0.902	0.025	0.025
267	2	2	0.024	0.024	0.902	0.025	0.025
268	2	2	0.024	0.024	0.902	0.025	0.025
269	2	2	0.024	0.024	0.902	0.025	0.025
270	2	2	0.025	0.025	0.898	0.026	0.025
271	2	2	0.054	0.062	0.624	0.094	0.167
272	2	2	0.062	0.066	0.572	0.220	0.080
273	2	2	0.055	0.067	0.501	0.153	0.224
274	2	2	0.024	0.024	0.902	0.025	0.025
275	2	2	0.038	0.030	0.848	0.035	0.048
276	2	2	0.024	0.024	0.902	0.025	0.025
277	2	2	0.024	0.024	0.902	0.025	0.025
278	2	2	0.064	0.076	0.489	0.207	0.164
279	3	2	0.050	0.054	0.077	0.733	0.086
280	2	4	0.055	0.065	0.521	0.172	0.187
281	4	4	0.040	0.054	0.064	0.093	0.748
282	3	4	0.050	0.062	0.067	0.624	0.197
283	2	2	0.029	0.029	0.879	0.035	0.027
284	2	2	0.059	0.066	0.605	0.176	0.093
285	2	2	0.040	0.038	0.824	0.064	0.034
286	2	2	0.024	0.024	0.902	0.025	0.025
287	2	2	0.024	0.024	0.902	0.025	0.025
288	2	2	0.026	0.027	0.885	0.022	0.040
289	3	2	0.054	0.067	0.099	0.635	0.144
290	4	4	0.069	0.081	0.255	0.112	0.484
291	4	4	0.043	0.053	0.083	0.061	0.760
292	4	4	0.045	0.058	0.078	0.062	0.756
293	4	4	0.020	0.025	0.014	0.021	0.920
294	3	3	0.041	0.043	0.018	0.829	0.069
295	3	3	0.009	0.011	0.000	0.947	0.033
296	3	3	0.013	0.016	0.002	0.945	0.024
297	2	2	0.028	0.028	0.891	0.026	0.026
298	2	2	0.039	0.029	0.871	0.030	0.030
299	2	2	0.037	0.036	0.842	0.058	0.027
300	3	3	0.122	0.068	0.182	0.590	0.039
301	3	3	0.054	0.052	0.112	0.763	0.019
302	4	2	0.078	0.091	0.363	0.105	0.363
303	2	4	0.036	0.038	0.808	0.055	0.062
304	4	4	0.036	0.046	0.051	0.024	0.843
305	3	2	0.037	0.043	0.043	0.829	0.048
306	2	2	0.028	0.030	0.878	0.028	0.037
307	2	2	0.057	0.067	0.569	0.150	0.156
308	2	2	0.051	0.062	0.515	0.150	0.222
309	3	4	0.044	0.048	0.066	0.777	0.064
310	4	4	0.014	0.014	0.007	0.002	0.962
311	4	4	0.032	0.031	0.008	0.027	0.902
312	4	4	0.015	0.018	0.009	0.007	0.951
313	2	4	0.024	0.024	0.902	0.025	0.025
314	4	4	0.015	0.019	0.006	0.017	0.943
315	3	3	0.013	0.013	0.003	0.956	0.015
316	2	3	0.068	0.074	0.405	0.235	0.218
317	4	4	0.030	0.035	0.014	0.077	0.845
318	4	4	0.043	0.051	0.033	0.059	0.815
319	3	4	0.002	0.002	0.000	0.996	0.000
320	2	3	0.056	0.033	0.790	0.042	0.078
321	3	4	0.050	0.063	0.095	0.635	0.156
322	4	4	0.034	0.038	0.046	0.035	0.847
323	4	4	0.050	0.059	0.133	0.072	0.685
324	3	2	0.080	0.074	0.145	0.613	0.088
325	2	2	0.024	0.024	0.902	0.025	0.025
326	2	2	0.024	0.024	0.902	0.025	0.025
327	4	2	0.061	0.070	0.369	0.153	0.347
328	2	2	0.043	0.041	0.811	0.079	0.026
329	4	2	0.064	0.075	0.326	0.213	0.322
330	3	2	0.081	0.088	0.254	0.438	0.139
331	2	2	0.048	0.042	0.765	0.084	0.062
332	2	2	0.069	0.081	0.554	0.183	0.114
333	4	2	0.054	0.070	0.066	0.173	0.638
334	2	2	0.064	0.070	0.459	0.088	0.319
335	2	2	0.049	0.041	0.788	0.089	0.033
336	3	2	0.069	0.075	0.284	0.448	0.124
337	4	3	0.043	0.045	0.054	0.032	0.826
338	3	2	0.018	0.013	0.005	0.958	0.006
339	2	2	0.024	0.024	0.902	0.025	0.025
340	4	2	0.048	0.058	0.098	0.056	0.740
341	3	3	0.037	0.037	0.042	0.871	0.013
342	3	3	0.069	0.078	0.250	0.480	0.123
343	3	3	0.066	0.066	0.217	0.569	0.083
344	3	3	0.063	0.065	0.167	0.651	0.055
345	2	3	0.035	0.035	0.844	0.052	0.034
346	3	2	0.047	0.056	0.035	0.736	0.127
347	2	2	0.041	0.044	0.767	0.061	0.087
348	2	2	0.066	0.062	0.610	0.215	0.047
349	4	4	0.040	0.051	0.098	0.046	0.764
350	3	4	0.053	0.069	0.116	0.444	0.319
351	4	4	0.014	0.017	0.006	0.004	0.960
352	4	4	0.028	0.028	0.004	0.107	0.833
353	4	4	0.025	0.034	0.021	0.053	0.866
354	3	3	0.011	0.014	0.003	0.958	0.014
355	2	2	0.047	0.097	0.571	0.168	0.117
356	2	2	0.030	0.026	0.886	0.033	0.024
357	2	2	0.038	0.028	0.865	0.046	0.023
358	3	2	0.037	0.074	0.110	0.741	0.037
359	4	4	0.067	0.101	0.175	0.171	0.485
360	4	4	0.035	0.037	0.037	0.037	0.853
361	4	4	0.039	0.045	0.066	0.049	0.800
362	4	4	0.051	0.061	0.047	0.174	0.667
363	2	4	0.058	0.066	0.575	0.162	0.138
364	4	2	0.042	0.046	0.061	0.028	0.824
365	2	2	0.033	0.035	0.840	0.043	0.049
366	2	2	0.076	0.077	0.404	0.295	0.148
367	2	2	0.034	0.035	0.846	0.048	0.039
368	4	2	0.058	0.072	0.097	0.197	0.577
369	2	3	0.074	0.082	0.326	0.309	0.208
370	3	3	0.068	0.078	0.123	0.527	0.204
371	3	3	0.069	0.083	0.194	0.405	0.249
372	3	3	0.007	0.008	0.001	0.975	0.009
373	4	3	0.054	0.067	0.175	0.243	0.462
374	2	2	0.025	0.025	0.896	0.026	0.027
375	2	2	0.030	0.030	0.865	0.036	0.039
376	2	2	0.032	0.033	0.858	0.044	0.033
377	4	4	0.043	0.057	0.034	0.380	0.486
378	4	4	0.016	0.023	0.005	0.072	0.884
379	2	2	0.024	0.024	0.902	0.025	0.025
380	2	2	0.061	0.061	0.641	0.195	0.042
381	2	2	0.070	0.076	0.438	0.336	0.081
382	2	2	0.030	0.031	0.866	0.038	0.035
383	2	2	0.038	0.037	0.839	0.026	0.060
384	2	2	0.024	0.024	0.902	0.025	0.025
385	2	2	0.024	0.024	0.902	0.025	0.025
386	2	2	0.069	0.076	0.511	0.136	0.208
387	2	2	0.024	0.024	0.902	0.025	0.025
388	2	2	0.024	0.024	0.902	0.025	0.025
389	2	2	0.024	0.024	0.902	0.025	0.025
390	2	2	0.024	0.024	0.902	0.025	0.025
391	2	2	0.040	0.040	0.800	0.064	0.057
392	2	2	0.043	0.044	0.778	0.082	0.053
393	2	2	0.024	0.024	0.902	0.025	0.025
394	3	2	0.063	0.081	0.260	0.546	0.050
395	2	2	0.024	0.024	0.902	0.025	0.025
396	2	2	0.036	0.036	0.831	0.051	0.046
397	2	2	0.024	0.024	0.902	0.025	0.025
398	2	2	0.024	0.024	0.902	0.025	0.025
399	4	4	0.076	0.087	0.142	0.337	0.358
400	4	4	0.052	0.058	0.120	0.026	0.744
401	2	2	0.028	0.027	0.888	0.026	0.031
402	2	2	0.054	0.059	0.649	0.148	0.091
403	4	2	0.060	0.073	0.308	0.123	0.436
404	3	2	0.067	0.076	0.344	0.427	0.085
405	2	2	0.028	0.028	0.884	0.032	0.028
406	2	2	0.038	0.038	0.824	0.061	0.038
407	3	2	0.067	0.065	0.200	0.642	0.025
408	2	2	0.024	0.024	0.902	0.025	0.025
409	2	2	0.024	0.024	0.901	0.025	0.025
410	2	2	0.032	0.033	0.847	0.041	0.046
411	2	2	0.024	0.024	0.902	0.025	0.025
412	2	2	0.076	0.067	0.401	0.374	0.082
413	3	2	0.070	0.070	0.262	0.533	0.065
414	2	2	0.024	0.024	0.902	0.025	0.025
415	2	2	0.032	0.032	0.855	0.043	0.037
416	2	2	0.056	0.067	0.467	0.188	0.222
417	4	4	0.036	0.045	0.056	0.096	0.767
418	3	4	0.064	0.075	0.165	0.434	0.263
419	2	2	0.030	0.030	0.878	0.038	0.024
420	2	2	0.043	0.045	0.759	0.080	0.074
421	4	2	0.067	0.076	0.394	0.095	0.368
422	2	2	0.025	0.025	0.896	0.026	0.027
423	2	2	0.025	0.025	0.899	0.026	0.025
424	2	2	0.024	0.024	0.902	0.025	0.025
425	2	2	0.028	0.028	0.885	0.032	0.028
426	2	2	0.027	0.027	0.888	0.030	0.028
427	2	2	0.024	0.024	0.902	0.025	0.025
428	2	2	0.119	0.027	0.738	0.054	0.061
429	2	2	0.035	0.024	0.887	0.029	0.026
430	2	2	0.028	0.024	0.895	0.026	0.026
431	2	2	0.024	0.024	0.902	0.025	0.025
432	2	2	0.033	0.034	0.848	0.044	0.042
433	2	2	0.046	0.044	0.791	0.086	0.033
434	2	2	0.031	0.030	0.869	0.039	0.030
435	2	2	0.035	0.033	0.848	0.032	0.052
436	2	2	0.024	0.024	0.902	0.025	0.025
437	2	2	0.068	0.072	0.503	0.137	0.220
438	2	2	0.025	0.025	0.898	0.026	0.027
439	2	2	0.037	0.028	0.860	0.035	0.040
440	3	3	0.049	0.017	0.011	0.896	0.028
441	3	3	0.111	0.057	0.228	0.486	0.118
442	2	2	0.073	0.088	0.712	0.062	0.064
443	2	2	0.073	0.082	0.610	0.148	0.087
444	2	2	0.037	0.130	0.722	0.051	0.059
445	2	2	0.066	0.062	0.793	0.038	0.041
446	1	2	0.322	0.250	0.309	0.056	0.063
447	2	2	0.174	0.036	0.674	0.064	0.052
448	2	2	0.052	0.088	0.689	0.092	0.078
449	2	2	0.044	0.104	0.494	0.240	0.118
450	2	2	0.083	0.064	0.722	0.073	0.058
451	2	2	0.058	0.111	0.397	0.299	0.134
452	3	2	0.037	0.132	0.140	0.526	0.165
453	2	2	0.037	0.035	0.855	0.038	0.035
454	2	2	0.081	0.075	0.658	0.113	0.074
455	2	2	0.038	0.108	0.434	0.287	0.133
456	2	2	0.272	0.053	0.543	0.067	0.064
457	2	2	0.120	0.024	0.768	0.051	0.038
458	2	2	0.024	0.024	0.902	0.025	0.025
459	2	2	0.073	0.026	0.812	0.046	0.043
460	2	2	0.273	0.050	0.534	0.078	0.066
461	2	2	0.059	0.032	0.835	0.037	0.037
462	2	2	0.250	0.098	0.514	0.068	0.070
463	2	2	0.026	0.026	0.897	0.026	0.026
464	2	2	0.024	0.024	0.902	0.025	0.025
465	2	2	0.028	0.029	0.889	0.027	0.027
466	2	2	0.027	0.027	0.894	0.026	0.026
467	2	2	0.048	0.049	0.833	0.035	0.035
468	2	2	0.044	0.026	0.867	0.033	0.030
469	2	2	0.024	0.024	0.902	0.025	0.025
470	2	2	0.025	0.024	0.901	0.025	0.025
471	2	2	0.024	0.024	0.902	0.025	0.025
472	2	2	0.024	0.024	0.902	0.025	0.025
473	2	2	0.024	0.024	0.902	0.025	0.025
474	2	2	0.024	0.040	0.874	0.031	0.032
475	2	2	0.026	0.026	0.898	0.025	0.026
476	2	2	0.024	0.024	0.902	0.025	0.025
477	2	2	0.024	0.024	0.902	0.025	0.025
478	2	2	0.024	0.024	0.902	0.025	0.025
479	2	2	0.024	0.024	0.902	0.025	0.025
480	2	2	0.024	0.024	0.902	0.025	0.025
481	2	2	0.024	0.024	0.902	0.025	0.025
482	2	2	0.024	0.024	0.902	0.025	0.025
483	2	2	0.024	0.024	0.902	0.025	0.025
484	2	2	0.024	0.024	0.902	0.025	0.025
485	2	2	0.024	0.024	0.902	0.025	0.025
486	2	2	0.024	0.024	0.902	0.025	0.025
487	2	2	0.024	0.024	0.902	0.025	0.025
488	2	2	0.024	0.024	0.902	0.025	0.025
489	2	2	0.024	0.024	0.902	0.025	0.025
490	2	2	0.024	0.024	0.902	0.025	0.025
491	2	2	0.024	0.024	0.902	0.025	0.025
492	2	2	0.024	0.024	0.902	0.025	0.025
493	2	2	0.024	0.024	0.902	0.025	0.025
494	2	2	0.024	0.024	0.902	0.025	0.025
495	2	2	0.028	0.025	0.892	0.027	0.029
496	2	2	0.028	0.025	0.891	0.027	0.029
497	2	2	0.071	0.026	0.823	0.042	0.038
498	2	2	0.115	0.039	0.741	0.050	0.055
499	2	2	0.024	0.024	0.902	0.025	0.025
500	2	2	0.024	0.024	0.901	0.025	0.025
501	2	2	0.026	0.024	0.897	0.025	0.027
502	2	2	0.025	0.025	0.900	0.025	0.026
503	2	2	0.024	0.024	0.902	0.025	0.025
504	2	2	0.024	0.024	0.902	0.025	0.025
505	2	2	0.024	0.024	0.902	0.025	0.025
506	2	2	0.024	0.028	0.897	0.026	0.026
507	2	2	0.024	0.024	0.902	0.025	0.025
508	2	2	0.024	0.024	0.902	0.025	0.025
509	2	2	0.024	0.024	0.902	0.025	0.025
510	2	2	0.024	0.024	0.902	0.025	0.025
511	2	2	0.024	0.024	0.902	0.025	0.025
512	2	2	0.024	0.024	0.902	0.025	0.025
513	2	2	0.024	0.024	0.902	0.025	0.025
514	2	2	0.024	0.024	0.902	0.025	0.025
515	2	2	0.024	0.024	0.902	0.025	0.025
516	2	2	0.024	0.024	0.902	0.025	0.025
517	2	2	0.024	0.024	0.902	0.025	0.025
518	2	2	0.038	0.048	0.798	0.072	0.043
519	2	2	0.024	0.024	0.902	0.025	0.025
520	2	2	0.024	0.024	0.902	0.025	0.025
521	2	2	0.024	0.024	0.902	0.025	0.025
522	2	2	0.035	0.027	0.879	0.029	0.029
523	2	2	0.024	0.024	0.902	0.025	0.025
524	2	2	0.096	0.032	0.792	0.044	0.035
525	2	2	0.024	0.024	0.902	0.025	0.025
526	2	2	0.024	0.024	0.902	0.025	0.025
527	2	2	0.024	0.024	0.902	0.025	0.025
528	2	2	0.024	0.024	0.902	0.025	0.025
529	2	2	0.065	0.067	0.558	0.055	0.255
530	2	2	0.024	0.024	0.902	0.025	0.025
531	0	2	0.512	0.122	0.191	0.090	0.085
532	2	0	0.024	0.024	0.902	0.025	0.025
533	0	2	0.617	0.349	0.001	0.015	0.018
534	2	2	0.024	0.024	0.902	0.025	0.025
535	2	2	0.024	0.024	0.902	0.025	0.025
536	2	2	0.028	0.029	0.889	0.027	0.027
537	2	2	0.029	0.029	0.886	0.027	0.029
538	2	2	0.026	0.026	0.892	0.028	0.029
539	2	2	0.077	0.081	0.533	0.071	0.237
540	2	2	0.024	0.024	0.902	0.025	0.025
541	2	2	0.024	0.024	0.902	0.025	0.025
542	4	2	0.065	0.071	0.389	0.089	0.385
543	3	3	0.054	0.058	0.096	0.716	0.075
544	3	3	0.071	0.076	0.344	0.440	0.069
545	3	3	0.064	0.059	0.121	0.657	0.098
546	4	3	0.072	0.081	0.241	0.154	0.452
547	3	3	0.076	0.088	0.222	0.426	0.187
548	3	3	0.088	0.084	0.220	0.341	0.267
549	3	3	0.071	0.076	0.057	0.554	0.241
550	4	2	0.073	0.082	0.297	0.140	0.408
551	2	4	0.066	0.061	0.594	0.203	0.075
552	4	4	0.067	0.065	0.088	0.154	0.626
553	4	4	0.044	0.062	0.037	0.118	0.739
554	4	4	0.043	0.049	0.068	0.055	0.786
555	2	2	0.141	0.071	0.618	0.110	0.060
556	2	2	0.073	0.072	0.412	0.359	0.083
557	2	2	0.039	0.040	0.799	0.053	0.069
558	2	2	0.059	0.065	0.588	0.106	0.181
559	4	4	0.030	0.032	0.013	0.063	0.862
560	4	4	0.045	0.054	0.090	0.041	0.769
561	2	4	0.057	0.060	0.634	0.052	0.197
562	4	2	0.057	0.062	0.135	0.063	0.682
563	2	2	0.035	0.036	0.836	0.036	0.056
564	2	2	0.049	0.051	0.726	0.056	0.117
565	2	2	0.043	0.051	0.763	0.082	0.061
566	2	2	0.029	0.027	0.886	0.032	0.026
567	2	2	0.041	0.040	0.795	0.053	0.072
568	2	2	0.046	0.044	0.781	0.082	0.047
569	4	4	0.069	0.079	0.350	0.083	0.419
570	4	4	0.041	0.060	0.013	0.414	0.472
571	4	4	0.049	0.056	0.110	0.054	0.731
572	2	2	0.068	0.067	0.520	0.266	0.080
573	2	2	0.033	0.052	0.845	0.035	0.034
574	4	2	0.044	0.055	0.076	0.051	0.774
575	3	3	0.015	0.012	0.002	0.945	0.027
576	3	3	0.267	0.068	0.158	0.460	0.047
577	2	2	0.024	0.024	0.902	0.025	0.025
578	2	2	0.041	0.143	0.579	0.053	0.184
579	2	2	0.043	0.087	0.692	0.088	0.091
580	2	2	0.048	0.053	0.717	0.051	0.131
581	2	2	0.048	0.052	0.725	0.099	0.075
582	2	2	0.056	0.062	0.633	0.145	0.103
583	4	2	0.075	0.063	0.291	0.119	0.451
584	2	2	0.046	0.047	0.792	0.025	0.090
585	2	2	0.024	0.024	0.902	0.025	0.025
586	2	2	0.057	0.053	0.724	0.030	0.136
587	2	2	0.067	0.066	0.639	0.061	0.167
588	2	2	0.084	0.062	0.503	0.103	0.248
589	2	2	0.305	0.025	0.519	0.066	0.085
590	2	2	0.100	0.025	0.753	0.045	0.078
591	2	2	0.060	0.050	0.815	0.039	0.036
592	2	2	0.068	0.100	0.733	0.046	0.053
593	2	2	0.026	0.026	0.895	0.025	0.028
594	2	2	0.065	0.071	0.578	0.088	0.198
595	2	2	0.045	0.039	0.805	0.068	0.042
596	2	2	0.042	0.042	0.816	0.033	0.067
597	2	2	0.076	0.089	0.743	0.044	0.047
598	2	2	0.068	0.076	0.772	0.041	0.043
599	1	2	0.180	0.477	0.154	0.047	0.142
600	2	2	0.042	0.041	0.852	0.032	0.033
601	2	2	0.024	0.024	0.902	0.025	0.025
602	2	2	0.133	0.117	0.644	0.053	0.052
603	2	2	0.046	0.129	0.719	0.051	0.054
604	2	2	0.193	0.133	0.535	0.066	0.072
605	2	2	0.025	0.026	0.896	0.025	0.027
606	2	2	0.205	0.224	0.437	0.066	0.069
607	2	2	0.026	0.028	0.886	0.030	0.030
608	2	2	0.072	0.081	0.759	0.042	0.045
609	2	2	0.029	0.029	0.889	0.026	0.027
610	2	2	0.063	0.143	0.685	0.053	0.056
611	2	2	0.024	0.024	0.902	0.025	0.025
612	2	2	0.023	0.038	0.877	0.031	0.031
613	2	2	0.045	0.045	0.779	0.089	0.041
614	2	2	0.056	0.054	0.707	0.132	0.051
615	2	2	0.059	0.063	0.616	0.178	0.083
616	2	2	0.051	0.040	0.777	0.087	0.045
617	2	2	0.027	0.029	0.880	0.029	0.035
618	2	2	0.028	0.046	0.839	0.051	0.036
619	2	2	0.024	0.024	0.902	0.025	0.025
620	2	2	0.024	0.024	0.902	0.025	0.025
621	2	2	0.024	0.024	0.902	0.025	0.025
622	2	2	0.033	0.035	0.874	0.029	0.029
623	2	2	0.031	0.025	0.883	0.029	0.032
624	2	2	0.024	0.024	0.902	0.025	0.025
625	2	2	0.024	0.024	0.902	0.025	0.025
626	2	2	0.024	0.024	0.902	0.025	0.025
627	2	2	0.024	0.024	0.902	0.025	0.025
628	2	2	0.029	0.031	0.868	0.037	0.035
629	2	2	0.024	0.024	0.902	0.025	0.025
630	2	2	0.024	0.024	0.902	0.025	0.025
631	2	2	0.024	0.024	0.902	0.025	0.025
632	2	2	0.299	0.059	0.485	0.102	0.055
633	2	2	0.025	0.064	0.832	0.038	0.041
634	0	2	0.901	0.025	0.019	0.030	0.026
635	2	0	0.132	0.114	0.649	0.053	0.052
636	0	2	0.678	0.100	0.119	0.054	0.050
637	2	2	0.078	0.048	0.790	0.043	0.041
638	2	2	0.072	0.042	0.797	0.051	0.037
639	0	0	0.563	0.075	0.244	0.067	0.050
640	0	0	0.878	0.030	0.036	0.031	0.025
641	0	0	0.439	0.050	0.310	0.159	0.042
642	2	2	0.238	0.086	0.548	0.065	0.063
643	2	2	0.024	0.024	0.901	0.025	0.025
644	2	2	0.025	0.025	0.900	0.025	0.025
645	2	2	0.024	0.024	0.902	0.025	0.025
646	0	2	0.718	0.053	0.120	0.057	0.052
647	2	2	0.024	0.024	0.902	0.025	0.025
648	4	2	0.119	0.052	0.316	0.135	0.379
649	2	4	0.054	0.058	0.661	0.136	0.091
650	4	2	0.082	0.072	0.100	0.332	0.414
651	2	2	0.051	0.047	0.768	0.115	0.020
652	2	2	0.025	0.025	0.899	0.025	0.026
653	2	2	0.053	0.046	0.758	0.117	0.026
654	2	2	0.059	0.054	0.810	0.039	0.038
655	2	2	0.023	0.114	0.765	0.048	0.049
656	2	2	0.024	0.024	0.902	0.025	0.025
657	2	2	0.024	0.024	0.902	0.025	0.025
658	2	2	0.057	0.114	0.726	0.050	0.054
659	2	2	0.024	0.024	0.902	0.025	0.025
660	2	2	0.066	0.059	0.798	0.038	0.039
661	2	2	0.042	0.072	0.802	0.043	0.041
662	2	2	0.032	0.030	0.883	0.027	0.028
663	2	2	0.035	0.035	0.851	0.053	0.025
664	2	2	0.024	0.024	0.902	0.025	0.025
665	0	0	0.563	0.095	0.200	0.081	0.061
666	0	0	0.746	0.040	0.114	0.051	0.050
667	2	2	0.024	0.024	0.902	0.025	0.025
668	2	2	0.028	0.024	0.896	0.026	0.025
669	2	2	0.026	0.031	0.880	0.033	0.029
670	2	2	0.024	0.024	0.902	0.025	0.025
671	2	2	0.025	0.024	0.900	0.025	0.026
672	2	2	0.049	0.053	0.707	0.071	0.120
673	2	2	0.064	0.073	0.461	0.097	0.305
674	2	2	0.027	0.025	0.893	0.026	0.029
675	2	2	0.078	0.058	0.573	0.115	0.175
676	3	3	0.066	0.076	0.106	0.627	0.125
677	3	3	0.071	0.053	0.126	0.707	0.043
678	2	3	0.189	0.066	0.620	0.062	0.063
679	3	2	0.051	0.057	0.077	0.756	0.059
680	2	2	0.063	0.065	0.604	0.124	0.143
681	2	2	0.041	0.044	0.782	0.051	0.082
682	2	2	0.056	0.062	0.641	0.130	0.112
683	4	2	0.028	0.038	0.011	0.095	0.829
684	2	4	0.048	0.066	0.653	0.044	0.190
685	4	4	0.040	0.039	0.042	0.014	0.865
686	4	4	0.033	0.030	0.025	0.011	0.901
687	4	4	0.098	0.072	0.143	0.295	0.392
688	2	2	0.024	0.024	0.902	0.025	0.025
689	2	2	0.036	0.027	0.871	0.040	0.025
690	4	3	0.068	0.077	0.042	0.427	0.386
691	4	4	0.066	0.071	0.049	0.388	0.425
692	4	4	0.067	0.072	0.302	0.077	0.481
693	2	4	0.082	0.079	0.473	0.107	0.259
694	4	4	0.070	0.084	0.148	0.291	0.407
695	4	4	0.055	0.080	0.037	0.400	0.428
696	4	4	0.034	0.047	0.029	0.049	0.841
697	3	3	0.042	0.045	0.061	0.812	0.040
698	3	3	0.056	0.052	0.101	0.737	0.053
699	4	3	0.043	0.054	0.024	0.293	0.586
700	2	2	0.035	0.035	0.835	0.042	0.054
701	2	2	0.048	0.048	0.765	0.031	0.107
702	2	2	0.074	0.057	0.593	0.052	0.224
703	4	2	0.064	0.071	0.176	0.104	0.585
704	2	2	0.027	0.028	0.886	0.025	0.034
705	3	2	0.081	0.080	0.354	0.399	0.086
706	4	2	0.066	0.069	0.220	0.058	0.588
707	2	2	0.134	0.101	0.415	0.153	0.196
708	3	2	0.062	0.074	0.185	0.603	0.077
709	2	2	0.069	0.074	0.438	0.346	0.072
710	2	2	0.058	0.060	0.655	0.173	0.054
711	2	2	0.042	0.025	0.864	0.033	0.036
712	3	2	0.070	0.078	0.322	0.468	0.062
713	4	4	0.022	0.025	0.010	0.010	0.933
714	4	4	0.037	0.043	0.025	0.101	0.794
715	2	2	0.076	0.062	0.541	0.067	0.255
716	2	2	0.043	0.044	0.767	0.052	0.094
717	2	2	0.075	0.085	0.362	0.267	0.212
718	3	3	0.076	0.085	0.195	0.442	0.201
719	3	3	0.024	0.018	0.010	0.937	0.009
720	4	3	0.011	0.016	0.000	0.304	0.669
721	3	3	0.071	0.068	0.234	0.584	0.043
722	3	3	0.074	0.073	0.360	0.444	0.050
723	2	3	0.043	0.044	0.768	0.078	0.066
724	3	2	0.022	0.017	0.006	0.937	0.018
725	4	4	0.047	0.057	0.106	0.064	0.726
726	4	2	0.069	0.080	0.408	0.098	0.345
727	2	2	0.060	0.069	0.362	0.279	0.229
728	4	4	0.063	0.080	0.218	0.297	0.343
729	4	4	0.041	0.055	0.031	0.259	0.613
730	2	2	0.024	0.024	0.902	0.025	0.025
731	2	2	0.024	0.024	0.902	0.025	0.025
732	2	2	0.026	0.025	0.895	0.027	0.028
733	2	2	0.024	0.024	0.902	0.025	0.025
734	2	2	0.057	0.056	0.696	0.146	0.045
735	2	2	0.033	0.034	0.838	0.045	0.049
736	2	2	0.024	0.024	0.902	0.025	0.025
737	2	2	0.026	0.026	0.894	0.028	0.025
738	2	2	0.024	0.024	0.902	0.025	0.025
739	2	2	0.024	0.024	0.902	0.025	0.025
740	2	2	0.042	0.041	0.817	0.075	0.025
741	2	2	0.024	0.024	0.902	0.025	0.025
742	2	2	0.073	0.073	0.455	0.354	0.044
743	2	2	0.024	0.024	0.902	0.025	0.025
744	2	2	0.026	0.026	0.892	0.029	0.027
745	2	2	0.027	0.027	0.885	0.030	0.031
746	2	2	0.024	0.024	0.902	0.025	0.025
747	2	2	0.024	0.024	0.902	0.025	0.025
748	2	2	0.024	0.024	0.902	0.025	0.025
749	2	2	0.033	0.044	0.857	0.032	0.035
750	2	2	0.026	0.033	0.879	0.033	0.030
751	2	2	0.065	0.068	0.556	0.234	0.078
752	2	2	0.062	0.061	0.797	0.041	0.039
753	2	2	0.024	0.024	0.902	0.025	0.025
754	2	2	0.035	0.032	0.860	0.046	0.028
755	2	2	0.039	0.034	0.844	0.053	0.030
756	2	2	0.054	0.056	0.676	0.143	0.071
757	2	2	0.035	0.028	0.877	0.032	0.029
758	2	2	0.025	0.025	0.899	0.025	0.025
759	2	2	0.073	0.064	0.769	0.048	0.047
760	2	2	0.024	0.025	0.901	0.025	0.025
761	1	0	0.267	0.363	0.192	0.093	0.085
762	0	0	0.335	0.165	0.236	0.131	0.132
763	2	2	0.132	0.055	0.706	0.055	0.052
764	2	2	0.271	0.052	0.454	0.132	0.091
765	2	2	0.049	0.025	0.855	0.035	0.036
766	2	2	0.065	0.034	0.822	0.038	0.040
767	0	0	0.699	0.022	0.165	0.062	0.052
768	0	0	0.395	0.090	0.301	0.106	0.108
769	2	2	0.064	0.094	0.483	0.269	0.090
770	2	2	0.301	0.223	0.345	0.064	0.066
771	0	2	0.590	0.145	0.154	0.056	0.055
772	2	2	0.120	0.093	0.682	0.052	0.053
773	2	2	0.029	0.034	0.864	0.038	0.036
774	2	2	0.030	0.035	0.876	0.029	0.030
775	0	2	0.631	0.074	0.178	0.063	0.054
776	2	2	0.091	0.047	0.764	0.049	0.049
777	2	2	0.024	0.024	0.902	0.025	0.025
778	2	2	0.063	0.055	0.658	0.155	0.069
779	2	2	0.024	0.024	0.902	0.025	0.025
780	1	2	0.106	0.460	0.267	0.078	0.089
781	2	2	0.027	0.026	0.895	0.024	0.029
782	2	2	0.024	0.024	0.902	0.025	0.025
783	2	2	0.024	0.024	0.902	0.025	0.025
784	2	2	0.025	0.029	0.892	0.027	0.028
785	2	2	0.035	0.034	0.855	0.052	0.023
786	2	2	0.027	0.028	0.884	0.030	0.031
787	2	2	0.024	0.024	0.902	0.025	0.025
788	2	2	0.024	0.024	0.902	0.025	0.025
789	2	2	0.025	0.050	0.855	0.034	0.036
790	2	2	0.026	0.094	0.787	0.045	0.047
791	2	2	0.024	0.024	0.902	0.025	0.025
792	2	2	0.024	0.024	0.902	0.025	0.025
793	2	2	0.024	0.024	0.902	0.025	0.025
794	2	2	0.024	0.024	0.902	0.025	0.025
795	2	2	0.024	0.024	0.902	0.025	0.025
796	2	2	0.024	0.024	0.902	0.025	0.025
797	2	2	0.024	0.024	0.902	0.025	0.025
798	2	2	0.024	0.024	0.902	0.025	0.025
799	2	2	0.024	0.024	0.902	0.025	0.025
800	2	2	0.024	0.024	0.902	0.025	0.025
801	2	2	0.051	0.053	0.731	0.117	0.049
802	4	4	0.050	0.047	0.043	0.075	0.785
803	4	4	0.078	0.066	0.157	0.052	0.647
804	2	2	0.024	0.024	0.902	0.025	0.025
805	0	2	0.598	0.231	0.045	0.069	0.057
806	2	2	0.024	0.024	0.902	0.025	0.025
807	2	2	0.024	0.024	0.902	0.025	0.025
808	2	2	0.024	0.024	0.902	0.025	0.025
809	2	2	0.024	0.024	0.902	0.025	0.025
810	2	2	0.024	0.024	0.902	0.025	0.025
811	2	2	0.024	0.024	0.902	0.025	0.025
812	2	2	0.024	0.024	0.902	0.025	0.025
813	2	2	0.024	0.024	0.902	0.025	0.025
814	2	2	0.024	0.024	0.902	0.025	0.025
815	2	2	0.026	0.033	0.884	0.028	0.028
816	2	2	0.034	0.044	0.839	0.031	0.053
817	2	2	0.024	0.024	0.902	0.025	0.025
818	2	2	0.046	0.047	0.770	0.093	0.044
819	2	2	0.052	0.059	0.678	0.060	0.150
820	2	2	0.070	0.076	0.384	0.366	0.104
821	2	2	0.054	0.053	0.747	0.086	0.060
822	3	3	0.034	0.039	0.010	0.766	0.150
823	3	3	0.063	0.081	0.239	0.514	0.103
824	2	2	0.073	0.082	0.416	0.237	0.192
825	2	2	0.040	0.042	0.797	0.071	0.050
826	2	2	0.028	0.029	0.874	0.032	0.037
827	4	2	0.068	0.086	0.241	0.121	0.484
828	2	2	0.024	0.024	0.902	0.025	0.025
829	2	2	0.069	0.076	0.385	0.329	0.142
830	2	2	0.053	0.059	0.663	0.070	0.155
831	2	2	0.031	0.033	0.849	0.041	0.045
832	2	2	0.061	0.068	0.601	0.022	0.248
833	2	2	0.056	0.061	0.637	0.151	0.095
834	3	3	0.081	0.076	0.099	0.474	0.271
835	3	3	0.063	0.068	0.075	0.720	0.074
836	4	4	0.026	0.032	0.005	0.156	0.781
837	2	2	0.248	0.037	0.484	0.063	0.168
838	1	2	0.166	0.305	0.376	0.078	0.074
839	3	3	0.101	0.058	0.359	0.444	0.039
840	3	3	0.062	0.079	0.125	0.434	0.301
841	2	3	0.160	0.041	0.687	0.058	0.054
842	3	2	0.288	0.064	0.054	0.565	0.029
843	2	2	0.060	0.065	0.602	0.194	0.078
844	2	2	0.013	0.013	0.962	0.006	0.007
845	3	2	0.030	0.035	0.022	0.876	0.037
846	2	2	0.048	0.046	0.838	0.033	0.035
847	2	2	0.032	0.025	0.882	0.028	0.033
848	3	2	0.063	0.069	0.188	0.532	0.148
849	2	2	0.069	0.079	0.453	0.150	0.249
850	2	2	0.054	0.051	0.779	0.055	0.061
851	4	2	0.067	0.074	0.374	0.109	0.376
852	2	2	0.024	0.024	0.902	0.025	0.025
853	2	2	0.055	0.062	0.620	0.080	0.183
854	3	3	0.072	0.086	0.261	0.413	0.169
855	3	3	0.077	0.087	0.329	0.353	0.155
856	3	3	0.065	0.072	0.169	0.611	0.083
857	2	2	0.057	0.062	0.634	0.063	0.184
858	2	2	0.057	0.058	0.666	0.064	0.156
859	2	2	0.072	0.075	0.439	0.283	0.130
860	2	2	0.061	0.067	0.542	0.189	0.142
861	3	2	0.036	0.038	0.032	0.857	0.036
862	2	2	0.055	0.059	0.660	0.128	0.098
863	2	2	0.073	0.065	0.525	0.070	0.267
864	2	2	0.025	0.025	0.900	0.025	0.025
865	2	2	0.028	0.028	0.885	0.026	0.034
866	2	2	0.073	0.070	0.553	0.058	0.246
867	2	2	0.124	0.103	0.633	0.038	0.102
868	2	2	0.026	0.026	0.896	0.025	0.028
869	2	2	0.094	0.077	0.640	0.089	0.101
870	2	2	0.077	0.066	0.762	0.045	0.051
871	2	2	0.024	0.024	0.902	0.025	0.025
872	2	2	0.242	0.017	0.611	0.067	0.062
873	2	2	0.024	0.024	0.902	0.025	0.025
874	2	2	0.273	0.045	0.545	0.072	0.064
875	0	0	0.826	0.034	0.050	0.042	0.048
876	0	0	0.494	0.176	0.100	0.078	0.152
877	0	0	0.561	0.086	0.218	0.066	0.069
878	2	2	0.028	0.028	0.892	0.026	0.026
879	2	2	0.115	0.141	0.611	0.056	0.077
880	2	2	0.170	0.210	0.496	0.058	0.066
881	1	2	0.081	0.315	0.464	0.065	0.074
882	0	2	0.661	0.060	0.127	0.089	0.063
883	2	2	0.033	0.039	0.866	0.030	0.032
884	2	2	0.023	0.031	0.890	0.028	0.028
885	0	2	0.509	0.030	0.152	0.090	0.219
886	2	2	0.032	0.034	0.874	0.029	0.030
887	2	2	0.154	0.073	0.656	0.056	0.061
888	2	2	0.105	0.033	0.697	0.064	0.100
889	2	2	0.042	0.041	0.852	0.032	0.032
890	2	2	0.024	0.024	0.902	0.025	0.025
891	2	2	0.029	0.025	0.891	0.027	0.027
892	2	2	0.025	0.025	0.899	0.026	0.025
893	2	2	0.064	0.056	0.754	0.093	0.034
894	2	2	0.036	0.037	0.829	0.039	0.059
895	2	2	0.330	0.075	0.420	0.109	0.066
896	2	2	0.024	0.024	0.902	0.025	0.025
897	2	2	0.041	0.041	0.800	0.070	0.047
898	2	2	0.024	0.024	0.902	0.025	0.025
899	2	2	0.024	0.024	0.902	0.025	0.025
900	2	2	0.024	0.024	0.902	0.025	0.025
901	2	2	0.024	0.024	0.902	0.025	0.025
902	2	2	0.024	0.024	0.902	0.025	0.025
903	2	2	0.029	0.030	0.887	0.027	0.027
904	2	2	0.025	0.025	0.899	0.025	0.026
905	4	2	0.053	0.076	0.048	0.173	0.650
906	0	2	0.617	0.054	0.192	0.070	0.066
907	2	2	0.084	0.050	0.702	0.114	0.051
908	2	2	0.063	0.075	0.403	0.309	0.150
909	2	2	0.053	0.059	0.671	0.139	0.078
910	2	2	0.185	0.149	0.547	0.058	0.062
911	2	2	0.034	0.036	0.872	0.030	0.029
912	2	2	0.053	0.052	0.824	0.037	0.034
913	2	2	0.033	0.035	0.875	0.029	0.028
914	2	2	0.038	0.038	0.861	0.031	0.031
915	2	2	0.056	0.055	0.814	0.037	0.037
916	0	0	0.949	0.015	0.008	0.017	0.011
917	0	0	0.405	0.069	0.313	0.168	0.045
918	0	0	0.905	0.025	0.023	0.027	0.019
919	2	2	0.347	0.123	0.399	0.066	0.066
920	2	2	0.276	0.118	0.476	0.066	0.064
921	2	2	0.202	0.097	0.580	0.062	0.059
922	2	2	0.153	0.038	0.666	0.084	0.059
923	3	2	0.098	0.053	0.230	0.576	0.043
924	2	2	0.052	0.050	0.747	0.132	0.019
925	2	2	0.088	0.032	0.790	0.047	0.044
926	2	2	0.024	0.024	0.902	0.025	0.025
927	2	2	0.075	0.084	0.367	0.319	0.155
928	2	2	0.031	0.024	0.888	0.029	0.028
929	2	2	0.071	0.069	0.497	0.252	0.111
930	2	2	0.024	0.024	0.902	0.025	0.025
931	2	2	0.049	0.051	0.830	0.035	0.034
932	2	2	0.032	0.063	0.830	0.038	0.037
933	0	2	0.812	0.042	0.064	0.043	0.038
934	2	3	0.068	0.074	0.437	0.336	0.085
935	3	2	0.078	0.057	0.105	0.698	0.061
936	2	2	0.129	0.046	0.516	0.264	0.045
937	2	2	0.024	0.024	0.902	0.025	0.025
938	2	2	0.024	0.024	0.902	0.025	0.025
939	2	2	0.024	0.024	0.902	0.025	0.025
940	2	2	0.033	0.049	0.848	0.034	0.036
941	2	2	0.024	0.024	0.902	0.025	0.025
942	2	2	0.024	0.024	0.902	0.025	0.025
943	2	2	0.038	0.023	0.879	0.030	0.029
944	2	2	0.024	0.024	0.902	0.025	0.025
945	2	2	0.024	0.024	0.902	0.025	0.025
946	2	2	0.041	0.045	0.781	0.080	0.052
947	2	2	0.032	0.031	0.881	0.028	0.028
948	2	2	0.024	0.024	0.902	0.025	0.025
949	2	2	0.032	0.057	0.819	0.053	0.039
950	2	2	0.024	0.024	0.902	0.025	0.025
951	4	2	0.054	0.069	0.301	0.199	0.376
952	2	2	0.024	0.024	0.902	0.025	0.025
953	2	2	0.042	0.046	0.755	0.076	0.080
954	2	2	0.028	0.029	0.879	0.034	0.030
955	2	2	0.024	0.024	0.902	0.025	0.025
956	2	2	0.024	0.024	0.902	0.025	0.025
957	2	2	0.040	0.036	0.821	0.048	0.055
958	2	2	0.024	0.024	0.902	0.025	0.025
959	2	2	0.024	0.024	0.902	0.025	0.025
960	2	2	0.024	0.024	0.902	0.025	0.025
961	2	2	0.024	0.024	0.902	0.025	0.025
962	2	2	0.027	0.027	0.894	0.026	0.026
963	2	2	0.056	0.050	0.822	0.036	0.036
964	2	2	0.350	0.058	0.457	0.072	0.063
965	2	2	0.034	0.024	0.880	0.030	0.032
966	2	2	0.024	0.024	0.902	0.025	0.025
967	2	2	0.027	0.027	0.890	0.030	0.027
968	2	2	0.087	0.119	0.533	0.221	0.040
969	2	2	0.024	0.024	0.902	0.025	0.025
970	2	2	0.067	0.075	0.485	0.285	0.089
971	3	2	0.075	0.085	0.345	0.364	0.130
972	2	3	0.068	0.075	0.483	0.219	0.154
973	3	3	0.068	0.061	0.085	0.674	0.111
974	3	3	0.105	0.067	0.296	0.469	0.062
975	2	2	0.029	0.029	0.872	0.034	0.036
976	2	2	0.039	0.039	0.814	0.042	0.067
977	2	2	0.057	0.057	0.678	0.139	0.069
978	2	2	0.060	0.065	0.568	0.093	0.214
979	2	2	0.024	0.024	0.902	0.025	0.025
980	2	2	0.132	0.098	0.644	0.061	0.064
981	2	2	0.048	0.050	0.738	0.070	0.094
982	4	2	0.066	0.076	0.344	0.080	0.434
983	2	2	0.024	0.024	0.902	0.025	0.025
984	2	2	0.069	0.083	0.403	0.253	0.193
985	4	2	0.066	0.080	0.245	0.143	0.466
986	2	2	0.086	0.091	0.437	0.134	0.252
987	2	2	0.077	0.093	0.361	0.204	0.266
988	2	2	0.050	0.057	0.634	0.108	0.152
989	4	2	0.031	0.043	0.050	0.023	0.854
990	2	4	0.055	0.065	0.581	0.126	0.173
991	4	4	0.047	0.061	0.132	0.085	0.675
992	4	4	0.063	0.072	0.127	0.077	0.661
993	3	4	0.041	0.050	0.043	0.819	0.046
994	4	4	0.054	0.059	0.123	0.056	0.709
995	4	4	0.038	0.038	0.048	0.022	0.853
996	4	4	0.061	0.062	0.183	0.059	0.634
997	4	4	0.054	0.063	0.166	0.062	0.655
998	3	4	0.077	0.090	0.260	0.389	0.184
999	4	4	0.077	0.079	0.105	0.323	0.416
1000	4	4	0.046	0.041	0.051	0.047	0.815
1001	3	4	0.065	0.068	0.195	0.608	0.065
1002	2	2	0.086	0.151	0.367	0.120	0.275
1003	2	2	0.071	0.081	0.352	0.284	0.212
1004	4	4	0.054	0.066	0.171	0.051	0.658
1005	4	4	0.081	0.099	0.282	0.231	0.306
1006	4	4	0.067	0.076	0.166	0.092	0.598
1007	4	4	0.056	0.083	0.034	0.441	0.386
1008	2	2	0.039	0.033	0.850	0.034	0.044
1009	2	2	0.081	0.064	0.454	0.268	0.133
1010	2	2	0.059	0.067	0.536	0.085	0.252
1011	3	3	0.067	0.074	0.173	0.522	0.163
1012	3	3	0.053	0.061	0.087	0.672	0.127
1013	4	4	0.062	0.072	0.274	0.113	0.479
1014	4	4	0.023	0.030	0.023	0.029	0.895
1015	4	4	0.036	0.045	0.034	0.078	0.806
1016	4	4	0.050	0.060	0.047	0.210	0.632
1017	4	4	0.054	0.058	0.145	0.050	0.693
1018	4	4	0.052	0.062	0.131	0.107	0.648
1019	4	4	0.061	0.071	0.297	0.078	0.493
1020	2	2	0.050	0.056	0.701	0.157	0.036
1021	2	2	0.044	0.047	0.755	0.056	0.099
1022	2	2	0.055	0.057	0.672	0.053	0.162
1023	2	2	0.061	0.063	0.584	0.075	0.216
1024	2	2	0.025	0.025	0.898	0.026	0.027
1025	2	2	0.041	0.043	0.842	0.036	0.039
1026	4	2	0.067	0.076	0.396	0.090	0.372
1027	2	2	0.062	0.069	0.520	0.099	0.250
1028	4	2	0.056	0.070	0.069	0.234	0.572
1029	2	2	0.045	0.051	0.702	0.091	0.111
1030	2	2	0.026	0.026	0.894	0.027	0.028
1031	2	2	0.024	0.024	0.902	0.025	0.025
1032	3	2	0.043	0.061	0.071	0.725	0.100
1033	2	2	0.024	0.024	0.902	0.025	0.025
1034	2	2	0.066	0.069	0.587	0.146	0.132
1035	4	4	0.073	0.084	0.330	0.045	0.469
1036	4	4	0.033	0.036	0.019	0.046	0.866
1037	4	4	0.089	0.082	0.288	0.150	0.392
1038	3	4	0.073	0.082	0.336	0.356	0.152
1039	4	4	0.062	0.071	0.405	0.082	0.380
1040	4	2	0.038	0.049	0.048	0.064	0.801
1041	2	4	0.039	0.038	0.836	0.027	0.060
1042	4	2	0.077	0.073	0.369	0.097	0.384
1043	2	2	0.292	0.092	0.453	0.056	0.108
1044	0	0	0.518	0.053	0.282	0.079	0.068
1045	4	2	0.198	0.076	0.144	0.317	0.264
1046	2	2	0.065	0.037	0.816	0.038	0.043
1047	3	2	0.071	0.074	0.365	0.429	0.061
1048	2	2	0.037	0.038	0.833	0.032	0.059
1049	2	2	0.098	0.086	0.554	0.103	0.159
1050	2	2	0.058	0.059	0.624	0.104	0.155
1051	4	2	0.311	0.054	0.211	0.124	0.300
1052	2	2	0.232	0.037	0.618	0.065	0.047
1053	2	2	0.023	0.038	0.879	0.030	0.031
1054	2	2	0.151	0.077	0.632	0.069	0.072
1055	2	2	0.157	0.055	0.673	0.058	0.057
1056	0	2	0.540	0.041	0.274	0.069	0.075
1057	2	2	0.230	0.070	0.582	0.064	0.054
1058	2	2	0.051	0.024	0.853	0.035	0.037
1059	2	2	0.148	0.061	0.659	0.061	0.071
1060	2	2	0.099	0.038	0.780	0.047	0.036
1061	1	2	0.072	0.276	0.382	0.147	0.123
1062	2	2	0.270	0.089	0.499	0.071	0.071
1063	1	2	0.036	0.856	0.004	0.057	0.047
1064	2	1	0.042	0.023	0.874	0.033	0.029
1065	0	2	0.871	0.071	0.010	0.025	0.024
1066	2	2	0.024	0.024	0.902	0.025	0.025
1067	2	2	0.083	0.043	0.776	0.057	0.041
1068	0	2	0.381	0.168	0.320	0.067	0.065
1069	2	0	0.074	0.052	0.790	0.040	0.043
1070	0	2	0.553	0.046	0.274	0.069	0.057
1071	2	0	0.142	0.055	0.697	0.052	0.055
1072	0	2	0.406	0.063	0.396	0.072	0.064
1073	2	0	0.026	0.026	0.897	0.025	0.026
1074	0	2	0.922	0.012	0.019	0.026	0.020
1075	2	2	0.103	0.051	0.728	0.077	0.041
1076	2	2	0.125	0.066	0.486	0.254	0.069
1077	0	0	0.572	0.072	0.233	0.067	0.056
1078	0	0	0.917	0.015	0.020	0.025	0.022
1079	0	0	0.925	0.013	0.017	0.024	0.021
1080	1	0	0.297	0.243	0.315	0.069	0.076
1081	1	2	0.339	0.286	0.187	0.093	0.094
1082	2	2	0.159	0.265	0.440	0.065	0.071
1083	2	2	0.024	0.024	0.902	0.025	0.025
1084	2	2	0.063	0.033	0.824	0.038	0.042
1085	2	2	0.036	0.029	0.876	0.030	0.029
1086	2	2	0.095	0.071	0.743	0.045	0.045
1087	2	2	0.229	0.063	0.585	0.065	0.057
1088	2	2	0.069	0.051	0.801	0.040	0.039
1089	2	2	0.023	0.032	0.888	0.028	0.028
1090	2	2	0.025	0.031	0.888	0.027	0.028
1091	2	2	0.035	0.044	0.855	0.032	0.034
1092	2	2	0.074	0.083	0.754	0.043	0.047
1093	1	2	0.053	0.276	0.070	0.356	0.246
1094	2	2	0.099	0.051	0.624	0.200	0.027
1095	2	2	0.024	0.024	0.902	0.025	0.025
1096	2	2	0.198	0.084	0.528	0.129	0.061
1097	3	2	0.102	0.074	0.315	0.385	0.124
1098	2	2	0.107	0.043	0.753	0.048	0.048
1099	2	2	0.100	0.092	0.458	0.292	0.058
1100	2	2	0.034	0.033	0.853	0.047	0.034
1101	2	2	0.033	0.033	0.858	0.045	0.031
1102	2	2	0.024	0.024	0.902	0.025	0.025
1103	2	2	0.024	0.024	0.902	0.025	0.025
1104	2	2	0.027	0.024	0.898	0.026	0.025
1105	2	2	0.024	0.024	0.902	0.025	0.025
1106	2	2	0.024	0.024	0.902	0.025	0.025
1107	2	2	0.024	0.024	0.902	0.025	0.025
1108	2	2	0.024	0.024	0.902	0.025	0.025
1109	2	2	0.024	0.024	0.902	0.025	0.025
1110	2	2	0.024	0.024	0.902	0.025	0.025
1111	2	2	0.024	0.024	0.902	0.025	0.025
1112	2	2	0.024	0.024	0.902	0.025	0.025
1113	2	2	0.024	0.024	0.902	0.025	0.025
1114	2	2	0.024	0.024	0.902	0.025	0.025
1115	2	2	0.024	0.024	0.902	0.025	0.025
1116	2	2	0.047	0.055	0.667	0.114	0.117
1117	2	2	0.024	0.024	0.902	0.025	0.025
1118	2	2	0.031	0.031	0.862	0.038	0.039
1119	2	2	0.030	0.031	0.862	0.038	0.039
1120	2	2	0.024	0.024	0.902	0.025	0.025
1121	2	2	0.069	0.075	0.422	0.337	0.098
1122	2	2	0.024	0.024	0.902	0.025	0.025
1123	2	2	0.024	0.024	0.902	0.025	0.025
1124	2	2	0.029	0.027	0.885	0.027	0.032
1125	2	2	0.024	0.024	0.902	0.025	0.025
1126	2	2	0.024	0.024	0.902	0.025	0.025
1127	2	2	0.024	0.024	0.902	0.025	0.025
1128	2	2	0.024	0.024	0.902	0.025	0.025
1129	2	2	0.024	0.024	0.902	0.025	0.025
1130	3	3	0.064	0.072	0.215	0.604	0.046
1131	3	3	0.058	0.063	0.143	0.703	0.034
1132	2	3	0.027	0.028	0.881	0.031	0.032
1133	3	3	0.069	0.076	0.316	0.476	0.062
1134	3	3	0.050	0.057	0.098	0.754	0.041
1135	2	2	0.039	0.042	0.799	0.066	0.054
1136	2	2	0.042	0.045	0.792	0.085	0.036
1137	2	2	0.059	0.068	0.559	0.202	0.112
1138	4	4	0.034	0.046	0.046	0.021	0.852
1139	4	4	0.036	0.034	0.022	0.041	0.868
1140	4	4	0.037	0.033	0.028	0.030	0.871
1141	4	4	0.009	0.009	0.002	0.003	0.978
1142	4	4	0.070	0.071	0.147	0.098	0.614
1143	2	2	0.039	0.038	0.822	0.040	0.061
1144	2	2	0.061	0.062	0.700	0.043	0.134
1145	2	2	0.024	0.024	0.902	0.025	0.025
1146	2	2	0.078	0.137	0.650	0.055	0.080
1147	1	1	0.138	0.491	0.069	0.071	0.231
1148	3	4	0.028	0.036	0.020	0.810	0.107
1149	4	4	0.030	0.035	0.030	0.011	0.895
1150	2	4	0.101	0.123	0.459	0.040	0.278
1151	3	3	0.070	0.055	0.174	0.655	0.046
1152	3	3	0.075	0.059	0.234	0.571	0.061
1153	2	2	0.038	0.028	0.865	0.046	0.023
1154	2	2	0.027	0.025	0.895	0.028	0.025
1155	2	2	0.025	0.025	0.899	0.026	0.025
1156	3	3	0.074	0.056	0.413	0.422	0.035
1157	3	3	0.011	0.013	0.004	0.962	0.011
1158	3	3	0.065	0.076	0.254	0.499	0.107
1159	4	3	0.024	0.028	0.003	0.152	0.793
1160	3	3	0.069	0.083	0.118	0.417	0.313
1161	3	3	0.041	0.038	0.047	0.848	0.027
1162	4	3	0.019	0.021	0.001	0.201	0.760
1163	3	4	0.009	0.011	0.002	0.967	0.011
1164	4	4	0.041	0.044	0.047	0.058	0.811
1165	2	2	0.070	0.072	0.460	0.055	0.342
1166	2	2	0.038	0.037	0.837	0.030	0.058
1167	4	2	0.043	0.058	0.075	0.030	0.794
1168	2	2	0.026	0.026	0.892	0.028	0.028
1169	2	2	0.067	0.069	0.550	0.037	0.278
1170	2	2	0.082	0.093	0.327	0.263	0.235
1171	3	2	0.077	0.068	0.348	0.461	0.046
1172	2	2	0.072	0.079	0.429	0.285	0.135
1173	4	3	0.025	0.028	0.022	0.017	0.908
1174	3	2	0.065	0.048	0.109	0.753	0.024
1175	2	3	0.028	0.029	0.874	0.033	0.035
1176	3	2	0.015	0.014	0.004	0.954	0.013
1177	2	2	0.046	0.050	0.722	0.101	0.082
1178	2	2	0.034	0.033	0.855	0.049	0.030
1179	4	2	0.033	0.039	0.036	0.022	0.871
1180	2	2	0.070	0.074	0.480	0.046	0.330
1181	2	2	0.040	0.025	0.863	0.033	0.039
1182	2	2	0.024	0.024	0.902	0.025	0.025
1183	4	4	0.041	0.053	0.019	0.232	0.657
1184	4	4	0.059	0.073	0.241	0.156	0.472
1185	2	2	0.040	0.041	0.792	0.053	0.074
1186	2	2	0.064	0.068	0.571	0.212	0.086
1187	3	2	0.055	0.108	0.107	0.596	0.134
1188	2	2	0.061	0.075	0.517	0.047	0.300
1189	4	2	0.087	0.089	0.324	0.197	0.303
1190	4	4	0.071	0.070	0.131	0.100	0.628
1191	4	4	0.061	0.065	0.131	0.105	0.639
1192	4	4	0.036	0.040	0.047	0.037	0.840
1193	4	4	0.040	0.046	0.067	0.046	0.800
1194	2	4	0.039	0.038	0.818	0.059	0.047
1195	3	4	0.082	0.089	0.181	0.376	0.272
1196	4	4	0.052	0.065	0.193	0.168	0.522
1197	4	4	0.037	0.043	0.054	0.030	0.837
1198	4	4	0.077	0.090	0.142	0.358	0.332
1199	4	4	0.066	0.073	0.271	0.036	0.554
1200	4	4	0.067	0.077	0.243	0.112	0.500
1201	2	2	0.061	0.070	0.451	0.114	0.304
1202	2	2	0.056	0.059	0.660	0.160	0.064
1203	2	2	0.062	0.069	0.538	0.227	0.105
1204	4	4	0.061	0.074	0.250	0.136	0.479
1205	4	4	0.075	0.101	0.190	0.324	0.310
1206	2	3	0.138	0.049	0.666	0.093	0.055
1207	3	3	0.046	0.040	0.026	0.846	0.042
1208	3	3	0.182	0.037	0.046	0.661	0.074
1209	4	3	0.069	0.083	0.130	0.381	0.337
1210	2	2	0.114	0.043	0.741	0.052	0.049
1211	2	2	0.024	0.024	0.901	0.025	0.025
1212	2	2	0.051	0.053	0.721	0.120	0.055
1213	2	2	0.103	0.061	0.540	0.057	0.239
1214	2	2	0.049	0.056	0.659	0.124	0.112
1215	4	4	0.050	0.061	0.112	0.074	0.703
1216	4	4	0.064	0.076	0.309	0.081	0.469
1217	2	2	0.055	0.064	0.556	0.109	0.215
1218	2	2	0.025	0.025	0.898	0.025	0.027
1219	2	2	0.024	0.024	0.902	0.025	0.025
1220	2	2	0.035	0.034	0.843	0.051	0.037
1221	2	2	0.024	0.024	0.902	0.025	0.025
1222	2	2	0.030	0.030	0.874	0.037	0.028
1223	2	2	0.024	0.024	0.902	0.025	0.025
1224	2	2	0.045	0.052	0.730	0.058	0.115
1225	2	2	0.033	0.035	0.856	0.026	0.050
1226	2	2	0.024	0.024	0.902	0.025	0.025
1227	4	2	0.040	0.050	0.055	0.093	0.762
1228	2	4	0.043	0.042	0.815	0.027	0.072
1229	4	4	0.044	0.053	0.080	0.052	0.771
1230	4	4	0.069	0.074	0.307	0.137	0.413
1231	4	4	0.029	0.027	0.019	0.029	0.896
1232	4	4	0.019	0.022	0.004	0.088	0.866
1233	4	4	0.030	0.038	0.014	0.134	0.784
1234	4	4	0.016	0.021	0.007	0.040	0.916
1235	4	4	0.047	0.057	0.085	0.071	0.740
1236	4	4	0.067	0.075	0.231	0.067	0.559
1237	2	2	0.073	0.078	0.500	0.137	0.212
1238	2	2	0.027	0.027	0.888	0.029	0.030
1239	4	4	0.030	0.037	0.026	0.054	0.853
1240	4	4	0.052	0.068	0.082	0.223	0.575
1241	3	3	0.020	0.023	0.004	0.897	0.055
1242	3	3	0.049	0.054	0.069	0.721	0.107
1243	2	2	0.062	0.067	0.570	0.226	0.075
1244	2	2	0.035	0.035	0.853	0.052	0.025
1245	3	2	0.022	0.016	0.005	0.940	0.017
1246	2	2	0.070	0.077	0.451	0.305	0.097
1247	2	2	0.068	0.068	0.539	0.282	0.043
1248	3	2	0.069	0.074	0.260	0.516	0.082
1249	2	3	0.069	0.069	0.544	0.276	0.043
1250	3	2	0.127	0.069	0.301	0.452	0.051
1251	2	2	0.106	0.266	0.495	0.072	0.061
1252	2	2	0.036	0.037	0.867	0.030	0.030
1253	1	2	0.106	0.755	0.005	0.122	0.012
1254	2	2	0.260	0.137	0.271	0.151	0.181
1255	3	2	0.209	0.049	0.327	0.332	0.083
1256	2	2	0.182	0.110	0.349	0.209	0.150
1257	2	2	0.038	0.023	0.877	0.031	0.031
1258	0	0	0.744	0.005	0.000	0.210	0.041
1259	4	0	0.277	0.085	0.106	0.096	0.436
1260	2	2	0.040	0.033	0.825	0.048	0.054
1261	2	2	0.073	0.060	0.605	0.048	0.214
1262	4	2	0.084	0.068	0.228	0.091	0.528
1263	2	2	0.371	0.058	0.439	0.066	0.065
1264	2	2	0.069	0.026	0.827	0.042	0.037
1265	0	0	0.945	0.004	0.001	0.016	0.034
1266	0	0	0.792	0.054	0.064	0.048	0.042
1267	2	0	0.101	0.043	0.734	0.058	0.064
1268	0	2	0.934	0.005	0.001	0.028	0.032
1269	2	0	0.288	0.063	0.509	0.069	0.071
1270	0	2	0.934	0.007	0.005	0.023	0.031
1271	2	3	0.042	0.042	0.806	0.080	0.029
1272	4	2	0.063	0.057	0.079	0.129	0.673
1273	0	2	0.352	0.082	0.339	0.095	0.132
1274	2	0	0.224	0.075	0.485	0.104	0.113
1275	0	0	0.536	0.061	0.261	0.071	0.070
1276	0	0	0.770	0.057	0.084	0.049	0.040
1277	0	0	0.810	0.039	0.064	0.045	0.041
1278	0	0	0.818	0.036	0.061	0.044	0.040
1279	0	0	0.736	0.054	0.108	0.055	0.047
1280	0	0	0.773	0.039	0.089	0.050	0.049
1281	0	0	0.773	0.038	0.087	0.050	0.052
1282	0	0	0.756	0.053	0.087	0.057	0.048
1283	1	1	0.003	0.989	0.001	0.004	0.004
1284	1	1	0.051	0.715	0.128	0.055	0.051
1285	1	2	0.062	0.350	0.451	0.070	0.067
1286	2	2	0.048	0.314	0.506	0.069	0.064
1287	2	2	0.024	0.024	0.902	0.025	0.025
1288	2	2	0.070	0.208	0.588	0.069	0.065
1289	2	2	0.024	0.024	0.902	0.025	0.025
1290	2	2	0.024	0.024	0.902	0.025	0.025
1291	2	2	0.024	0.024	0.902	0.025	0.025
1292	2	2	0.042	0.062	0.819	0.038	0.040
1293	2	2	0.024	0.024	0.902	0.025	0.025
1294	2	2	0.024	0.024	0.902	0.025	0.025
1295	2	2	0.024	0.024	0.902	0.025	0.025
1296	0	2	0.501	0.057	0.308	0.072	0.061
1297	3	2	0.026	0.009	0.003	0.953	0.009
1298	2	2	0.026	0.025	0.897	0.027	0.025
1299	2	2	0.056	0.062	0.617	0.180	0.086
1300	4	2	0.052	0.063	0.029	0.201	0.655
1301	2	2	0.072	0.066	0.723	0.072	0.066
1302	2	2	0.026	0.028	0.889	0.024	0.032
1303	4	2	0.056	0.065	0.117	0.081	0.682
1304	0	2	0.614	0.151	0.097	0.086	0.052
1305	2	0	0.026	0.025	0.899	0.025	0.026
1306	0	2	0.825	0.034	0.028	0.023	0.090
1307	2	0	0.170	0.077	0.637	0.060	0.056
1308	4	2	0.170	0.066	0.130	0.148	0.485
1309	0	2	0.342	0.101	0.279	0.092	0.186
1310	2	2	0.038	0.039	0.818	0.038	0.066
1311	4	2	0.061	0.075	0.252	0.148	0.464
1312	0	2	0.831	0.022	0.064	0.044	0.039
1313	2	2	0.024	0.024	0.902	0.025	0.025
1314	2	2	0.046	0.023	0.863	0.034	0.035
1315	0	0	0.476	0.194	0.201	0.070	0.060
1316	0	0	0.612	0.088	0.151	0.079	0.071
1317	0	0	0.695	0.063	0.118	0.066	0.057
1318	3	0	0.154	0.056	0.188	0.534	0.068
1319	1	1	0.042	0.703	0.107	0.082	0.065
1320	1	1	0.077	0.556	0.241	0.067	0.059
1321	1	1	0.062	0.467	0.336	0.072	0.063
1322	1	1	0.019	0.870	0.043	0.035	0.033
1323	1	1	0.041	0.606	0.227	0.067	0.059
1324	1	1	0.058	0.609	0.210	0.063	0.059
1325	2	2	0.030	0.060	0.835	0.037	0.037
1326	2	2	0.025	0.025	0.900	0.025	0.026
1327	2	2	0.024	0.024	0.902	0.025	0.025
1328	2	2	0.024	0.024	0.902	0.025	0.025
1329	2	2	0.068	0.043	0.814	0.039	0.037
1330	2	2	0.028	0.027	0.893	0.026	0.026
1331	1	2	0.055	0.545	0.246	0.069	0.084
1332	2	2	0.024	0.025	0.901	0.025	0.026
1333	2	2	0.024	0.024	0.902	0.025	0.025
1334	2	2	0.041	0.039	0.857	0.031	0.032
1335	2	2	0.041	0.033	0.865	0.031	0.029
1336	2	2	0.036	0.039	0.805	0.058	0.061
1337	2	2	0.024	0.024	0.902	0.025	0.025
1338	2	2	0.047	0.043	0.801	0.028	0.082
1339	4	4	0.047	0.057	0.082	0.036	0.778
1340	4	4	0.058	0.072	0.142	0.085	0.643
1341	2	2	0.068	0.070	0.555	0.062	0.245
1342	2	2	0.024	0.024	0.902	0.025	0.025
1343	2	2	0.070	0.072	0.440	0.313	0.105
1344	2	2	0.042	0.043	0.793	0.038	0.085
1345	2	2	0.043	0.044	0.777	0.072	0.064
1346	2	2	0.024	0.024	0.902	0.025	0.025
1347	2	2	0.024	0.024	0.902	0.025	0.025
1348	2	2	0.038	0.038	0.828	0.037	0.060
1349	2	2	0.027	0.027	0.883	0.030	0.032
1350	2	2	0.062	0.069	0.534	0.069	0.265
1351	2	2	0.024	0.024	0.902	0.025	0.025
1352	2	2	0.024	0.024	0.902	0.025	0.025
1353	2	2	0.024	0.024	0.902	0.025	0.025
1354	2	2	0.024	0.024	0.902	0.025	0.025
1355	2	2	0.024	0.024	0.902	0.025	0.025
1356	2	2	0.024	0.024	0.902	0.025	0.025
1357	2	2	0.034	0.039	0.864	0.031	0.033
1358	2	2	0.024	0.024	0.902	0.025	0.025
1359	2	2	0.024	0.024	0.902	0.025	0.025
1360	2	2	0.026	0.030	0.888	0.027	0.029
1361	2	2	0.024	0.024	0.902	0.025	0.025
1362	2	2	0.037	0.037	0.830	0.058	0.038
1363	4	2	0.063	0.044	0.092	0.035	0.765
1364	2	2	0.024	0.025	0.901	0.025	0.026
1365	2	2	0.034	0.035	0.872	0.029	0.029
1366	2	2	0.024	0.024	0.902	0.025	0.025
1367	2	2	0.028	0.029	0.878	0.034	0.030
1368	2	2	0.024	0.024	0.902	0.025	0.025
1369	2	2	0.028	0.028	0.883	0.033	0.029
1370	2	2	0.029	0.030	0.873	0.031	0.037
1371	2	2	0.030	0.030	0.872	0.038	0.031
1372	2	2	0.066	0.054	0.793	0.041	0.046
1373	2	2	0.024	0.024	0.902	0.025	0.025
1374	3	2	0.022	0.022	0.011	0.923	0.022
1375	2	2	0.024	0.024	0.902	0.025	0.025
1376	2	2	0.024	0.024	0.902	0.025	0.025
1377	2	2	0.024	0.024	0.902	0.025	0.025
1378	2	2	0.024	0.024	0.902	0.025	0.025
1379	3	2	0.082	0.091	0.281	0.375	0.172
1380	2	2	0.037	0.039	0.832	0.029	0.063
1381	2	2	0.026	0.026	0.894	0.025	0.029
1382	2	2	0.024	0.024	0.902	0.025	0.025
1383	2	2	0.082	0.055	0.582	0.251	0.029
1384	2	2	0.032	0.036	0.852	0.046	0.034
1385	2	2	0.024	0.024	0.902	0.025	0.025
1386	2	2	0.027	0.027	0.887	0.029	0.030
1387	2	2	0.056	0.063	0.609	0.121	0.151
1388	4	2	0.077	0.077	0.199	0.220	0.427
1389	3	2	0.081	0.091	0.238	0.356	0.234
1390	2	2	0.031	0.031	0.863	0.037	0.038
1391	2	2	0.024	0.024	0.902	0.025	0.025
1392	2	2	0.056	0.062	0.629	0.149	0.103
1393	2	2	0.028	0.028	0.884	0.032	0.029
1394	4	2	0.076	0.062	0.123	0.131	0.608
1395	4	4	0.071	0.085	0.331	0.229	0.285
1396	4	2	0.060	0.055	0.200	0.090	0.595
1397	2	2	0.067	0.073	0.483	0.072	0.305
1398	2	2	0.035	0.041	0.832	0.017	0.075
1399	2	2	0.042	0.133	0.551	0.131	0.144
1400	2	2	0.036	0.041	0.837	0.042	0.044
1401	2	2	0.042	0.039	0.835	0.018	0.066
1402	2	2	0.024	0.024	0.902	0.025	0.025
1403	2	2	0.042	0.038	0.808	0.045	0.067
1404	2	2	0.027	0.025	0.893	0.026	0.028
1405	2	2	0.024	0.024	0.902	0.025	0.025
1406	4	4	0.073	0.075	0.345	0.038	0.469
1407	4	4	0.044	0.053	0.098	0.058	0.747
1408	4	4	0.025	0.031	0.028	0.019	0.897
1409	4	4	0.062	0.072	0.253	0.080	0.534
1410	3	4	0.083	0.097	0.198	0.356	0.265
1411	2	3	0.045	0.052	0.786	0.062	0.055
1412	3	3	0.051	0.056	0.071	0.760	0.062
1413	3	3	0.030	0.033	0.024	0.882	0.032
1414	2	3	0.065	0.070	0.535	0.267	0.063
1415	3	3	0.065	0.077	0.200	0.477	0.181
1416	4	4	0.038	0.051	0.009	0.393	0.510
1417	4	4	0.058	0.072	0.057	0.338	0.475
1418	3	3	0.067	0.080	0.128	0.595	0.130
1419	2	3	0.072	0.074	0.409	0.376	0.069
1420	3	2	0.075	0.096	0.228	0.387	0.214
1421	2	3	0.024	0.024	0.902	0.025	0.025
1422	3	2	0.073	0.074	0.336	0.459	0.057
1423	2	2	0.035	0.034	0.851	0.050	0.029
1424	2	2	0.062	0.059	0.658	0.184	0.038
1425	2	2	0.024	0.024	0.902	0.025	0.025
1426	2	2	0.024	0.024	0.902	0.025	0.025
1427	0	0	0.488	0.063	0.292	0.089	0.068
1428	0	0	0.695	0.043	0.027	0.166	0.069
1429	0	0	0.738	0.045	0.111	0.056	0.050
1430	0	0	0.825	0.056	0.049	0.039	0.032
1431	0	0	0.883	0.036	0.028	0.030	0.024
1432	0	0	0.757	0.044	0.095	0.053	0.050
1433	0	0	0.801	0.037	0.071	0.048	0.043
1434	0	0	0.636	0.071	0.171	0.064	0.059
1435	0	0	0.607	0.065	0.200	0.066	0.061
1436	2	2	0.135	0.056	0.703	0.053	0.053
1437	2	2	0.258	0.077	0.534	0.067	0.064
1438	0	0	0.733	0.067	0.110	0.052	0.039
1439	0	0	0.815	0.050	0.063	0.042	0.031
1440	0	0	0.861	0.039	0.041	0.034	0.025
1441	0	0	0.922	0.024	0.010	0.027	0.018
1442	0	0	0.874	0.032	0.030	0.033	0.030
1443	0	0	0.879	0.031	0.028	0.033	0.030
1444	0	0	0.762	0.063	0.089	0.048	0.038
1445	0	0	0.854	0.035	0.038	0.038	0.035
1446	0	0	0.805	0.044	0.064	0.045	0.042
1447	0	0	0.785	0.050	0.079	0.047	0.038
1448	0	0	0.739	0.060	0.109	0.052	0.040
1449	0	0	0.801	0.045	0.071	0.046	0.037
1450	0	0	0.849	0.042	0.043	0.037	0.030
1451	0	0	0.871	0.040	0.034	0.032	0.024
1452	0	0	0.474	0.052	0.337	0.074	0.062
1453	0	0	0.712	0.053	0.123	0.058	0.054
1454	0	0	0.718	0.053	0.116	0.058	0.055
1455	0	0	0.796	0.041	0.072	0.048	0.043
1456	0	0	0.828	0.038	0.051	0.042	0.040
1457	0	0	0.862	0.033	0.036	0.036	0.033
1458	0	0	0.850	0.035	0.041	0.038	0.036
1459	0	0	0.885	0.028	0.026	0.032	0.030
1460	0	0	0.861	0.032	0.037	0.036	0.034
1461	0	0	0.846	0.034	0.044	0.039	0.037
1462	0	0	0.879	0.033	0.030	0.031	0.026
1463	1	1	0.023	0.934	0.009	0.018	0.015
1464	1	1	0.005	0.985	0.001	0.006	0.004
1465	1	1	0.015	0.943	0.009	0.018	0.014
1466	1	1	0.036	0.840	0.053	0.041	0.031
1467	1	1	0.017	0.908	0.024	0.028	0.022
1468	2	2	0.046	0.290	0.533	0.069	0.061
1469	2	2	0.024	0.024	0.902	0.025	0.025
1470	2	2	0.024	0.024	0.902	0.025	0.025
1471	2	2	0.024	0.024	0.902	0.025	0.025
1472	2	2	0.028	0.028	0.887	0.033	0.025
1473	2	2	0.024	0.024	0.902	0.025	0.025
1474	2	2	0.024	0.024	0.902	0.025	0.025
1475	2	2	0.024	0.024	0.902	0.025	0.025
1476	2	2	0.024	0.024	0.902	0.025	0.025
1477	2	2	0.095	0.056	0.758	0.045	0.046
1478	0	2	0.799	0.027	0.031	0.092	0.051
1479	2	0	0.038	0.031	0.855	0.029	0.047
1480	0	2	0.815	0.015	0.050	0.053	0.068
1481	4	2	0.071	0.068	0.411	0.059	0.391
1482	3	2	0.086	0.069	0.264	0.485	0.096
1483	0	2	0.451	0.073	0.346	0.069	0.061
1484	2	2	0.064	0.063	0.623	0.180	0.070
1485	2	2	0.026	0.026	0.892	0.028	0.028
1486	2	2	0.034	0.035	0.848	0.051	0.032
1487	2	2	0.071	0.076	0.400	0.321	0.132
1488	2	2	0.087	0.068	0.400	0.241	0.204
1489	0	0	0.749	0.047	0.104	0.054	0.046
1490	0	0	0.870	0.033	0.036	0.035	0.027
1491	2	0	0.025	0.025	0.901	0.025	0.025
1492	0	0	0.901	0.026	0.021	0.028	0.024
1493	0	0	0.922	0.022	0.014	0.023	0.020
1494	0	0	0.924	0.022	0.013	0.022	0.019
1495	0	0	0.928	0.019	0.011	0.021	0.021
1496	0	0	0.864	0.049	0.032	0.031	0.024
1497	0	0	0.869	0.044	0.032	0.031	0.024
1498	0	0	0.883	0.042	0.026	0.028	0.021
1499	0	0	0.846	0.041	0.045	0.037	0.031
1500	0	0	0.900	0.023	0.014	0.032	0.031
1501	0	0	0.872	0.031	0.035	0.034	0.028
1502	0	0	0.838	0.064	0.039	0.032	0.026
1503	0	0	0.830	0.047	0.052	0.039	0.032
1504	0	0	0.815	0.041	0.059	0.044	0.041
1505	0	0	0.774	0.046	0.082	0.050	0.048
1506	0	0	0.843	0.036	0.044	0.040	0.037
1507	0	0	0.860	0.033	0.036	0.037	0.035
1508	0	0	0.819	0.044	0.058	0.043	0.037
1509	0	0	0.847	0.029	0.048	0.041	0.034
1510	0	0	0.844	0.035	0.042	0.040	0.039
1511	0	0	0.949	0.014	0.006	0.016	0.015
1512	0	0	0.872	0.029	0.032	0.034	0.033
1513	0	0	0.755	0.056	0.097	0.050	0.042
1514	1	1	0.195	0.570	0.105	0.071	0.058
1515	1	1	0.030	0.886	0.028	0.032	0.023
1516	1	1	0.014	0.924	0.018	0.026	0.017
1517	1	1	0.024	0.857	0.050	0.040	0.028
1518	1	1	0.042	0.736	0.121	0.055	0.046
1519	1	1	0.077	0.536	0.261	0.066	0.061
1520	2	2	0.024	0.024	0.902	0.025	0.025
1521	2	2	0.126	0.149	0.588	0.059	0.077
1522	2	2	0.024	0.024	0.902	0.025	0.025
1523	2	2	0.024	0.024	0.902	0.025	0.025
1524	2	2	0.025	0.025	0.899	0.025	0.026
1525	2	2	0.024	0.024	0.902	0.025	0.025
1526	2	2	0.024	0.024	0.902	0.025	0.025
1527	2	2	0.024	0.024	0.902	0.025	0.025
1528	2	2	0.024	0.024	0.902	0.025	0.025
1529	2	2	0.024	0.024	0.902	0.025	0.025
1530	2	2	0.024	0.024	0.902	0.025	0.025
1531	2	2	0.024	0.024	0.902	0.025	0.025
1532	2	2	0.024	0.024	0.902	0.025	0.025
1533	2	2	0.024	0.024	0.902	0.025	0.025
1534	2	2	0.025	0.025	0.898	0.026	0.026
1535	2	2	0.063	0.072	0.485	0.073	0.307
1536	2	2	0.024	0.024	0.902	0.025	0.025
1537	2	2	0.024	0.024	0.902	0.025	0.025
1538	2	2	0.024	0.024	0.902	0.025	0.025
1539	2	2	0.024	0.024	0.902	0.025	0.025
1540	2	2	0.024	0.024	0.902	0.025	0.025
1541	2	2	0.024	0.024	0.902	0.025	0.025
1542	2	2	0.038	0.022	0.880	0.031	0.029
1543	2	2	0.049	0.049	0.754	0.033	0.115
1544	2	2	0.042	0.045	0.775	0.054	0.084
1545	2	2	0.025	0.025	0.899	0.026	0.025
1546	2	2	0.024	0.024	0.902	0.025	0.025
1547	2	2	0.043	0.044	0.804	0.027	0.083
1548	3	2	0.054	0.058	0.088	0.714	0.086
1549	2	2	0.024	0.024	0.902	0.025	0.025
1550	2	2	0.035	0.035	0.834	0.051	0.045
1551	2	2	0.035	0.035	0.844	0.053	0.032
1552	2	2	0.024	0.024	0.902	0.025	0.025
1553	2	2	0.046	0.044	0.765	0.068	0.077
1554	2	2	0.060	0.066	0.603	0.087	0.183
1555	2	2	0.026	0.026	0.895	0.026	0.027
1556	2	2	0.057	0.063	0.597	0.077	0.206
1557	2	2	0.024	0.024	0.902	0.025	0.025
1558	2	2	0.033	0.033	0.850	0.038	0.047
1559	2	2	0.039	0.037	0.834	0.028	0.061
1560	2	2	0.047	0.104	0.755	0.047	0.048
1561	2	2	0.058	0.059	0.666	0.161	0.056
1562	4	4	0.075	0.084	0.239	0.121	0.481
1563	4	4	0.072	0.081	0.269	0.090	0.488
1564	2	4	0.068	0.074	0.495	0.164	0.199
1565	4	4	0.080	0.089	0.320	0.184	0.327
1566	4	4	0.066	0.067	0.171	0.063	0.633
1567	4	4	0.084	0.093	0.266	0.159	0.398
1568	4	4	0.040	0.042	0.057	0.041	0.819
1569	2	4	0.079	0.063	0.486	0.080	0.293
1570	4	2	0.316	0.069	0.074	0.113	0.428
1571	2	2	0.084	0.067	0.399	0.361	0.090
1572	2	2	0.076	0.069	0.433	0.320	0.102
1573	4	4	0.079	0.061	0.184	0.047	0.630
1574	4	4	0.038	0.048	0.063	0.031	0.820
1575	2	4	0.051	0.055	0.686	0.084	0.124
1576	4	4	0.065	0.073	0.245	0.095	0.522
1577	4	4	0.067	0.077	0.171	0.161	0.524
1578	3	3	0.072	0.081	0.133	0.527	0.186
1579	3	3	0.044	0.045	0.072	0.808	0.031
1580	2	2	0.055	0.055	0.709	0.034	0.148
1581	4	4	0.074	0.079	0.282	0.129	0.436
1582	4	4	0.065	0.075	0.369	0.088	0.403
1583	4	2	0.086	0.092	0.204	0.320	0.299
1584	2	2	0.025	0.026	0.896	0.027	0.027
1585	2	2	0.066	0.063	0.582	0.216	0.073
1586	4	2	0.053	0.061	0.137	0.045	0.705
1587	2	2	0.027	0.026	0.894	0.024	0.029
1588	2	2	0.035	0.033	0.848	0.035	0.049
1589	4	2	0.069	0.073	0.340	0.050	0.467
1590	2	2	0.056	0.062	0.646	0.069	0.167
1591	3	3	0.079	0.085	0.261	0.456	0.119
1592	3	3	0.079	0.089	0.244	0.423	0.165
1593	2	3	0.033	0.033	0.855	0.046	0.033
1594	3	2	0.063	0.068	0.153	0.641	0.075
1595	2	2	0.025	0.028	0.893	0.027	0.027
1596	2	2	0.024	0.024	0.902	0.025	0.025
1597	2	2	0.044	0.045	0.808	0.040	0.062
1598	2	2	0.112	0.178	0.545	0.077	0.087
1599	2	2	0.280	0.107	0.441	0.082	0.091
1600	2	2	0.038	0.038	0.822	0.041	0.061
1601	4	2	0.047	0.041	0.046	0.015	0.851
1602	2	2	0.053	0.063	0.689	0.132	0.063
1603	2	2	0.037	0.063	0.823	0.039	0.038
1604	3	2	0.054	0.087	0.174	0.610	0.075
1605	2	2	0.056	0.060	0.657	0.128	0.100
1606	2	2	0.052	0.062	0.633	0.053	0.201
1607	2	2	0.060	0.075	0.432	0.111	0.322
1608	4	4	0.034	0.046	0.095	0.033	0.791
1609	4	4	0.070	0.083	0.239	0.295	0.313
1610	4	4	0.024	0.033	0.019	0.045	0.880
1611	4	4	0.045	0.058	0.096	0.035	0.766
1612	2	4	0.043	0.047	0.744	0.073	0.093
1613	4	2	0.036	0.049	0.045	0.047	0.824
1614	3	3	0.055	0.092	0.157	0.637	0.060
1615	3	3	0.100	0.053	0.141	0.649	0.058
1616	2	2	0.073	0.072	0.420	0.395	0.040
1617	2	2	0.071	0.074	0.413	0.386	0.056
1618	3	2	0.064	0.070	0.233	0.580	0.053
1619	2	3	0.027	0.027	0.885	0.030	0.030
1620	3	3	0.071	0.078	0.328	0.458	0.063
1621	0	0	0.387	0.187	0.039	0.349	0.037
1622	0	0	0.678	0.065	0.143	0.060	0.054
1623	2	0	0.051	0.024	0.855	0.036	0.035
1624	0	0	0.697	0.058	0.125	0.061	0.058
1625	0	0	0.827	0.018	0.059	0.040	0.056
1626	3	0	0.173	0.022	0.006	0.656	0.144
1627	0	0	0.812	0.011	0.037	0.070	0.071
1628	0	0	0.874	0.032	0.011	0.024	0.059
1629	3	0	0.129	0.095	0.118	0.627	0.031
1630	0	0	0.613	0.066	0.198	0.066	0.057
1631	0	0	0.687	0.073	0.131	0.059	0.050
1632	0	0	0.522	0.062	0.278	0.072	0.067
1633	0	0	0.804	0.040	0.032	0.062	0.062
1634	4	0	0.028	0.036	0.010	0.049	0.877
1635	0	0	0.869	0.013	0.006	0.061	0.052
1636	0	0	0.453	0.101	0.259	0.094	0.093
1637	0	0	0.565	0.081	0.207	0.069	0.078
1638	0	0	0.735	0.036	0.038	0.092	0.100
1639	2	0	0.232	0.060	0.583	0.061	0.063
1640	0	0	0.560	0.045	0.243	0.068	0.083
1641	0	0	0.618	0.053	0.188	0.063	0.078
1642	3	3	0.129	0.049	0.342	0.420	0.060
1643	3	3	0.180	0.061	0.293	0.409	0.056
1644	2	2	0.048	0.055	0.669	0.119	0.110
1645	0	0	0.383	0.110	0.357	0.068	0.081
1646	0	0	0.687	0.071	0.123	0.054	0.064
1647	0	0	0.424	0.077	0.257	0.133	0.110
1648	0	0	0.526	0.044	0.111	0.195	0.124
1649	4	0	0.059	0.068	0.220	0.071	0.582
1650	0	2	0.770	0.035	0.071	0.054	0.071
1651	3	2	0.100	0.069	0.373	0.374	0.084
1652	2	2	0.055	0.034	0.838	0.037	0.036
1653	0	0	0.547	0.051	0.279	0.069	0.054
1654	0	0	0.325	0.206	0.302	0.087	0.080
1655	2	0	0.327	0.065	0.475	0.071	0.063
1656	0	2	0.493	0.174	0.196	0.073	0.063
1657	2	2	0.030	0.026	0.884	0.033	0.027
1658	2	2	0.314	0.044	0.456	0.107	0.079
1659	0	2	0.874	0.034	0.023	0.029	0.040
1660	1	1	0.041	0.425	0.369	0.089	0.076
1661	1	1	0.039	0.584	0.217	0.088	0.072
1662	1	1	0.051	0.733	0.115	0.053	0.049
1663	1	1	0.087	0.565	0.218	0.061	0.069
1664	1	1	0.075	0.607	0.184	0.069	0.066
1665	2	2	0.129	0.238	0.511	0.062	0.060
1666	2	2	0.135	0.184	0.568	0.057	0.056
1667	2	2	0.141	0.215	0.526	0.060	0.059
1668	2	2	0.378	0.063	0.410	0.082	0.067
1669	2	2	0.238	0.069	0.564	0.064	0.064
1670	2	2	0.069	0.067	0.593	0.108	0.164
1671	4	4	0.078	0.078	0.261	0.083	0.500
1672	4	4	0.075	0.069	0.242	0.078	0.536
1673	2	2	0.157	0.027	0.696	0.058	0.062
1674	2	2	0.169	0.156	0.510	0.074	0.091
1675	4	2	0.079	0.064	0.254	0.048	0.555
1676	0	0	0.434	0.097	0.121	0.097	0.251
1677	0	0	0.537	0.066	0.058	0.089	0.250
1678	0	0	0.757	0.018	0.002	0.156	0.067
1679	0	0	0.749	0.029	0.005	0.152	0.066
1680	4	0	0.217	0.041	0.046	0.114	0.582
1681	0	0	0.574	0.071	0.068	0.175	0.111
1682	0	0	0.649	0.051	0.058	0.180	0.061
1683	0	0	0.551	0.061	0.096	0.219	0.072
1684	0	0	0.610	0.039	0.130	0.116	0.106
1685	2	0	0.029	0.026	0.890	0.031	0.025
1686	0	0	0.652	0.057	0.170	0.060	0.061
1687	0	0	0.667	0.089	0.121	0.062	0.060
1688	0	0	0.669	0.050	0.158	0.063	0.060
1689	0	0	0.709	0.046	0.131	0.059	0.054
1690	3	0	0.400	0.030	0.016	0.443	0.111
1691	0	0	0.546	0.083	0.032	0.301	0.039
1692	1	1	0.061	0.833	0.024	0.042	0.040
1693	1	1	0.009	0.958	0.006	0.014	0.014
1694	1	1	0.061	0.476	0.327	0.069	0.066
1695	1	1	0.027	0.550	0.286	0.070	0.067
1696	2	2	0.045	0.319	0.500	0.070	0.066
1697	2	2	0.038	0.053	0.837	0.036	0.036
1698	2	2	0.052	0.088	0.771	0.044	0.044
1699	2	2	0.060	0.056	0.809	0.037	0.039
1700	2	2	0.024	0.024	0.902	0.025	0.025
1701	2	2	0.024	0.024	0.902	0.025	0.025
1702	2	2	0.029	0.028	0.882	0.034	0.027
1703	2	2	0.024	0.024	0.902	0.025	0.025
1704	2	2	0.024	0.024	0.902	0.025	0.025
1705	2	2	0.038	0.039	0.815	0.061	0.048
1706	2	2	0.026	0.026	0.892	0.029	0.026
1707	2	2	0.025	0.025	0.899	0.025	0.026
1708	2	2	0.077	0.137	0.675	0.056	0.055
1709	2	2	0.024	0.024	0.902	0.025	0.025
1710	2	2	0.026	0.025	0.895	0.024	0.028
1711	2	2	0.024	0.024	0.902	0.025	0.025
1712	2	2	0.035	0.035	0.858	0.027	0.047
1713	2	2	0.025	0.026	0.898	0.025	0.026
1714	2	2	0.026	0.027	0.887	0.029	0.031
1715	2	2	0.059	0.063	0.652	0.088	0.139
1716	2	2	0.024	0.024	0.902	0.025	0.025
1717	2	2	0.043	0.045	0.764	0.068	0.080
1718	2	2	0.027	0.026	0.888	0.029	0.030
1719	2	2	0.024	0.024	0.902	0.025	0.025
1720	2	2	0.024	0.024	0.902	0.025	0.025
1721	3	2	0.076	0.072	0.311	0.465	0.076
1722	2	2	0.038	0.037	0.841	0.059	0.026
1723	2	2	0.029	0.028	0.883	0.025	0.035
1724	4	2	0.039	0.050	0.055	0.027	0.829
1725	3	3	0.063	0.062	0.136	0.649	0.091
1726	4	3	0.074	0.087	0.292	0.300	0.247
1727	2	2	0.040	0.043	0.775	0.064	0.078
1728	3	3	0.078	0.081	0.343	0.366	0.133
1729	3	3	0.073	0.072	0.357	0.412	0.085
1730	2	2	0.041	0.024	0.868	0.035	0.032
1731	2	2	0.051	0.053	0.705	0.121	0.070
1732	2	2	0.071	0.075	0.417	0.358	0.080
1733	2	2	0.059	0.064	0.613	0.185	0.079
1734	2	2	0.068	0.075	0.428	0.318	0.111
1735	3	2	0.068	0.077	0.128	0.570	0.157
1736	2	2	0.037	0.039	0.812	0.052	0.060
1737	2	2	0.068	0.075	0.425	0.290	0.141
1738	2	2	0.079	0.070	0.468	0.070	0.313
1739	2	2	0.025	0.026	0.896	0.025	0.028
1740	2	2	0.070	0.078	0.441	0.150	0.262
1741	3	3	0.087	0.096	0.270	0.320	0.226
1742	3	3	0.068	0.071	0.239	0.563	0.060
1743	3	3	0.063	0.069	0.191	0.570	0.107
1744	2	2	0.065	0.071	0.450	0.335	0.080
1745	2	2	0.078	0.088	0.415	0.204	0.214
1746	3	3	0.063	0.071	0.154	0.593	0.120
1747	3	3	0.078	0.081	0.289	0.428	0.123
1748	2	2	0.030	0.028	0.879	0.029	0.034
1749	2	2	0.028	0.029	0.875	0.032	0.036
1750	2	2	0.064	0.072	0.485	0.273	0.106
1751	2	2	0.040	0.039	0.822	0.065	0.034
1752	4	2	0.075	0.084	0.194	0.235	0.413
1753	2	2	0.024	0.024	0.902	0.025	0.025
1754	2	2	0.024	0.024	0.902	0.025	0.025
1755	2	2	0.024	0.024	0.902	0.025	0.025
1756	2	2	0.024	0.024	0.902	0.025	0.025
1757	2	2	0.024	0.024	0.902	0.025	0.025
1758	4	4	0.022	0.031	0.010	0.017	0.920
1759	4	4	0.001	0.001	0.000	0.000	0.998
1760	4	4	0.004	0.006	0.000	0.008	0.982
1761	4	4	0.001	0.002	0.000	0.032	0.966
1762	4	4	0.001	0.001	0.000	0.003	0.996
1763	4	4	0.072	0.104	0.236	0.058	0.531
1764	4	4	0.019	0.024	0.010	0.030	0.918
1765	2	3	0.139	0.034	0.609	0.185	0.034
1766	3	3	0.091	0.049	0.075	0.737	0.048
1767	0	3	0.370	0.058	0.151	0.213	0.207
1768	2	3	0.026	0.026	0.897	0.026	0.026
1769	4	3	0.080	0.064	0.117	0.379	0.360
1770	3	3	0.010	0.011	0.002	0.972	0.005
1771	2	2	0.026	0.025	0.897	0.026	0.027
1772	2	2	0.077	0.031	0.785	0.040	0.067
1773	2	2	0.026	0.026	0.897	0.025	0.026
1774	2	2	0.024	0.024	0.902	0.025	0.025
1775	2	2	0.028	0.024	0.893	0.027	0.028
1776	2	2	0.024	0.024	0.902	0.025	0.025
1777	2	2	0.024	0.024	0.902	0.025	0.025
1778	2	2	0.024	0.024	0.902	0.025	0.025
1779	2	2	0.026	0.026	0.895	0.028	0.026
1780	2	2	0.024	0.024	0.902	0.025	0.025
1781	4	2	0.074	0.075	0.235	0.187	0.429
1782	2	2	0.098	0.136	0.657	0.050	0.059
1783	0	0	0.667	0.063	0.159	0.060	0.051
1784	0	0	0.635	0.064	0.182	0.063	0.056
1785	0	0	0.705	0.057	0.132	0.056	0.050
1786	0	0	0.726	0.043	0.121	0.058	0.051
1787	0	0	0.725	0.046	0.118	0.058	0.053
1788	0	0	0.395	0.061	0.391	0.074	0.079
1789	4	2	0.139	0.076	0.272	0.092	0.421
1790	2	2	0.132	0.100	0.659	0.055	0.054
1791	0	0	0.833	0.057	0.042	0.038	0.030
1792	0	0	0.839	0.040	0.050	0.039	0.031
1793	0	0	0.871	0.032	0.017	0.050	0.031
1794	0	0	0.861	0.044	0.036	0.033	0.026
1795	0	0	0.845	0.046	0.044	0.036	0.029
1796	0	0	0.811	0.059	0.059	0.039	0.031
1797	0	0	0.458	0.072	0.010	0.115	0.345
1798	2	0	0.262	0.070	0.286	0.166	0.216
1799	0	0	0.838	0.039	0.051	0.040	0.033
1800	0	0	0.796	0.062	0.064	0.042	0.035
1801	0	0	0.868	0.050	0.026	0.037	0.019
1802	0	0	0.859	0.034	0.018	0.051	0.039
1803	0	0	0.884	0.029	0.020	0.035	0.033
1804	0	0	0.836	0.032	0.014	0.064	0.055
1805	0	0	0.674	0.073	0.142	0.058	0.052
1806	0	0	0.730	0.063	0.107	0.053	0.047
1807	0	0	0.900	0.030	0.020	0.027	0.023
1808	0	0	0.922	0.021	0.013	0.023	0.021
1809	0	0	0.909	0.023	0.017	0.026	0.025
1810	0	0	0.897	0.025	0.022	0.029	0.027
1811	0	0	0.851	0.032	0.041	0.038	0.036
1812	0	0	0.894	0.023	0.024	0.031	0.028
1813	1	1	0.028	0.912	0.016	0.024	0.019
1814	1	1	0.018	0.943	0.008	0.017	0.014
1815	1	1	0.072	0.714	0.114	0.053	0.047
1816	1	1	0.086	0.628	0.170	0.060	0.056
1817	1	1	0.067	0.780	0.068	0.045	0.040
1818	1	1	0.160	0.631	0.084	0.067	0.058
1819	1	1	0.246	0.610	0.033	0.059	0.050
